0	0
1	0
2	0
3	0
4	0
5	0
6	0
7	0
8	0
9	0
10	0
11	0
12	0
13	0
14	0
15	0
16	0
17	0
18	0
19	0
20	0
21	0
22	0
23	0
24	0
25	0
26	0
27	0
28	0
29	0
30	0
31	0
32	0
33	0
34	0
35	0
36	0
37	0
38	0
39	0
40	0
41	0
42	0
43	0
44	0
45	0
46	0
47	0
48	0
49	0
50	0
51	1
52	5
53	4
54	63
55	226
56	404
57	485
58	441
59	421
60	404
61	359
62	368
63	352
64	336
65	332
66	341
67	315
68	332
69	332
70	343
71	316
72	297
73	334
74	327
75	331
76	292
77	281
78	287
79	300
80	284
81	276
82	286
83	292
84	302
85	303
86	310
87	291
88	296
89	298
90	309
91	283
92	293
93	314
94	316
95	345
96	333
97	304
98	344
99	355
100	338
101	329
102	294
103	293
104	272
105	283
106	276
107	258
108	292
109	258
110	265
111	283
112	242
113	258
114	295
115	262
116	230
117	238
118	238
119	259
120	261
121	233
122	252
123	251
124	254
125	248
126	262
127	217
128	234
129	260
130	235
131	276
132	224
133	233
134	246
135	240
136	261
137	240
138	242
139	239
140	237
141	207
142	237
143	224
144	255
145	225
146	237
147	197
148	230
149	242
150	219
151	211
152	217
153	230
154	210
155	253
156	231
157	209
158	239
159	236
160	191
161	211
162	219
163	207
164	215
165	226
166	233
167	241
168	212
169	172
170	217
171	210
172	224
173	225
174	198
175	222
176	211
177	191
178	202
179	206
180	202
181	175
182	228
183	195
184	193
185	204
186	208
187	172
188	191
189	185
190	191
191	192
192	205
193	207
194	198
195	184
196	190
197	182
198	188
199	191
200	195
201	178
202	169
203	189
204	195
205	169
206	197
207	194
208	180
209	182
210	199
211	169
212	209
213	177
214	182
215	174
216	186
217	177
218	165
219	177
220	182
221	183
222	168
223	175
224	184
225	169
226	160
227	161
228	153
229	175
230	172
231	197
232	177
233	141
234	168
235	196
236	176
237	160
238	159
239	179
240	169
241	155
242	159
243	157
244	156
245	166
246	143
247	165
248	180
249	158
250	158
251	158
252	164
253	161
254	168
255	171
256	166
257	131
258	152
259	172
260	141
261	145
262	136
263	151
264	150
265	153
266	177
267	153
268	149
269	136
270	131
271	168
272	157
273	129
274	131
275	154
276	167
277	145
278	150
279	136
280	137
281	162
282	121
283	159
284	147
285	139
286	140
287	145
288	153
289	169
290	147
291	137
292	166
293	141
294	152
295	145
296	147
297	148
298	148
299	150
300	145
301	110
302	120
303	130
304	140
305	125
306	130
307	131
308	128
309	133
310	135
311	135
312	165
313	132
314	141
315	141
316	126
317	131
318	130
319	143
320	139
321	127
322	155
323	110
324	128
325	125
326	134
327	132
328	144
329	143
330	143
331	137
332	128
333	126
334	123
335	121
336	143
337	126
338	139
339	119
340	131
341	150
342	135
343	162
344	180
345	201
346	212
347	172
348	159
349	128
350	125
351	143
352	149
353	154
354	191
355	221
356	280
357	299
358	260
359	207
360	148
361	109
362	123
363	104
364	98
365	105
366	123
367	139
368	112
369	126
370	123
371	107
372	120
373	110
374	116
375	99
376	128
377	98
378	100
379	124
380	116
381	99
382	101
383	117
384	105
385	99
386	118
387	103
388	137
389	126
390	112
391	112
392	108
393	118
394	114
395	108
396	118
397	106
398	109
399	111
400	124
401	126
402	129
403	154
404	133
405	194
406	209
407	201
408	171
409	164
410	133
411	111
412	122
413	118
414	116
415	133
416	128
417	146
418	134
419	154
420	128
421	136
422	100
423	112
424	114
425	107
426	111
427	102
428	93
429	98
430	106
431	106
432	107
433	124
434	109
435	107
436	117
437	114
438	113
439	99
440	110
441	108
442	108
443	122
444	146
445	130
446	122
447	132
448	120
449	108
450	113
451	112
452	102
453	88
454	114
455	98
456	108
457	120
458	111
459	100
460	104
461	84
462	104
463	113
464	110
465	107
466	107
467	95
468	91
469	115
470	93
471	86
472	114
473	98
474	97
475	104
476	112
477	100
478	88
479	92
480	88
481	96
482	102
483	114
484	97
485	111
486	101
487	115
488	95
489	100
490	90
491	109
492	101
493	107
494	101
495	95
496	95
497	88
498	93
499	100
500	94
501	88
502	103
503	80
504	107
505	95
506	104
507	91
508	92
509	77
510	100
511	108
512	111
513	91
514	100
515	106
516	87
517	99
518	111
519	99
520	93
521	97
522	110
523	100
524	102
525	98
526	97
527	105
528	97
529	106
530	92
531	92
532	91
533	83
534	87
535	96
536	83
537	90
538	92
539	84
540	103
541	113
542	112
543	108
544	107
545	104
546	92
547	87
548	112
549	92
550	84
551	94
552	89
553	94
554	90
555	87
556	99
557	97
558	95
559	95
560	106
561	110
562	99
563	96
564	82
565	108
566	102
567	93
568	92
569	100
570	92
571	89
572	98
573	102
574	87
575	98
576	108
577	74
578	79
579	106
580	75
581	111
582	96
583	96
584	85
585	105
586	91
587	98
588	85
589	97
590	105
591	96
592	87
593	72
594	95
595	118
596	91
597	89
598	88
599	93
600	99
601	107
602	106
603	101
604	90
605	90
606	74
607	95
608	90
609	97
610	82
611	78
612	110
613	88
614	93
615	104
616	96
617	90
618	83
619	80
620	94
621	86
622	70
623	89
624	77
625	99
626	92
627	82
628	97
629	95
630	115
631	92
632	114
633	92
634	108
635	84
636	96
637	79
638	89
639	95
640	87
641	90
642	82
643	93
644	89
645	95
646	94
647	85
648	81
649	103
650	79
651	84
652	88
653	98
654	77
655	104
656	98
657	86
658	98
659	98
660	75
661	86
662	81
663	87
664	91
665	84
666	91
667	73
668	86
669	90
670	86
671	85
672	87
673	90
674	93
675	85
676	93
677	93
678	101
679	93
680	94
681	105
682	83
683	80
684	102
685	79
686	96
687	101
688	65
689	89
690	101
691	85
692	84
693	98
694	96
695	103
696	95
697	94
698	79
699	84
700	89
701	92
702	91
703	104
704	88
705	106
706	85
707	107
708	92
709	75
710	106
711	86
712	76
713	104
714	93
715	96
716	91
717	88
718	80
719	89
720	87
721	66
722	81
723	80
724	103
725	84
726	90
727	79
728	96
729	97
730	72
731	91
732	104
733	83
734	100
735	94
736	89
737	97
738	113
739	88
740	82
741	82
742	79
743	85
744	86
745	93
746	86
747	86
748	80
749	84
750	104
751	82
752	89
753	91
754	81
755	80
756	74
757	84
758	82
759	76
760	84
761	101
762	86
763	76
764	81
765	96
766	75
767	73
768	94
769	89
770	77
771	79
772	89
773	91
774	86
775	89
776	88
777	81
778	85
779	67
780	93
781	78
782	88
783	77
784	81
785	68
786	68
787	87
788	90
789	96
790	97
791	86
792	75
793	76
794	80
795	87
796	80
797	85
798	79
799	72
800	68
801	84
802	77
803	79
804	79
805	78
806	104
807	87
808	65
809	69
810	79
811	87
812	88
813	74
814	73
815	79
816	88
817	94
818	95
819	83
820	77
821	79
822	88
823	89
824	89
825	77
826	85
827	77
828	81
829	66
830	81
831	57
832	78
833	93
834	81
835	89
836	71
837	81
838	78
839	75
840	78
841	90
842	66
843	76
844	83
845	77
846	78
847	83
848	79
849	90
850	75
851	95
852	71
853	80
854	78
855	85
856	80
857	88
858	77
859	72
860	98
861	103
862	70
863	83
864	79
865	89
866	88
867	78
868	64
869	70
870	67
871	98
872	63
873	108
874	83
875	69
876	95
877	80
878	64
879	83
880	74
881	55
882	75
883	69
884	82
885	72
886	78
887	70
888	90
889	81
890	71
891	83
892	72
893	87
894	85
895	92
896	77
897	78
898	73
899	73
900	95
901	84
902	82
903	92
904	87
905	79
906	75
907	81
908	71
909	69
910	87
911	69
912	82
913	89
914	91
915	96
916	116
917	123
918	97
919	83
920	102
921	71
922	84
923	98
924	84
925	75
926	62
927	84
928	88
929	84
930	75
931	76
932	83
933	84
934	70
935	71
936	90
937	79
938	79
939	87
940	66
941	81
942	77
943	73
944	72
945	74
946	75
947	80
948	65
949	74
950	81
951	85
952	83
953	85
954	78
955	73
956	75
957	69
958	69
959	93
960	63
961	81
962	61
963	49
964	85
965	54
966	82
967	73
968	81
969	75
970	67
971	70
972	71
973	71
974	68
975	75
976	74
977	74
978	74
979	69
980	65
981	81
982	83
983	83
984	82
985	75
986	64
987	68
988	72
989	77
990	65
991	70
992	70
993	74
994	72
995	80
996	80
997	85
998	62
999	88
1000	60
1001	80
1002	60
1003	60
1004	69
1005	79
1006	83
1007	70
1008	63
1009	77
1010	58
1011	81
1012	75
1013	66
1014	79
1015	72
1016	66
1017	52
1018	77
1019	70
1020	62
1021	85
1022	79
1023	77
1024	86
1025	66
1026	72
1027	70
1028	56
1029	73
1030	80
1031	74
1032	67
1033	70
1034	102
1035	77
1036	82
1037	78
1038	84
1039	75
1040	76
1041	82
1042	73
1043	71
1044	67
1045	68
1046	67
1047	73
1048	96
1049	68
1050	70
1051	79
1052	62
1053	69
1054	90
1055	58
1056	72
1057	43
1058	81
1059	65
1060	80
1061	70
1062	90
1063	64
1064	76
1065	70
1066	68
1067	79
1068	48
1069	74
1070	72
1071	83
1072	67
1073	78
1074	64
1075	81
1076	64
1077	71
1078	70
1079	70
1080	60
1081	68
1082	69
1083	70
1084	72
1085	61
1086	53
1087	70
1088	67
1089	70
1090	64
1091	59
1092	74
1093	74
1094	70
1095	57
1096	70
1097	81
1098	78
1099	59
1100	65
1101	58
1102	70
1103	64
1104	89
1105	71
1106	60
1107	61
1108	73
1109	64
1110	62
1111	63
1112	68
1113	72
1114	65
1115	68
1116	57
1117	83
1118	73
1119	71
1120	67
1121	59
1122	77
1123	70
1124	75
1125	58
1126	65
1127	61
1128	69
1129	51
1130	51
1131	57
1132	70
1133	72
1134	74
1135	62
1136	72
1137	66
1138	66
1139	64
1140	72
1141	62
1142	74
1143	69
1144	69
1145	66
1146	67
1147	77
1148	58
1149	56
1150	75
1151	59
1152	61
1153	62
1154	63
1155	56
1156	60
1157	81
1158	58
1159	68
1160	72
1161	59
1162	76
1163	66
1164	52
1165	73
1166	53
1167	77
1168	61
1169	63
1170	60
1171	53
1172	58
1173	76
1174	60
1175	60
1176	68
1177	56
1178	61
1179	62
1180	77
1181	74
1182	80
1183	88
1184	98
1185	109
1186	105
1187	83
1188	66
1189	73
1190	57
1191	65
1192	71
1193	72
1194	67
1195	69
1196	63
1197	54
1198	78
1199	54
1200	93
1201	81
1202	59
1203	59
1204	61
1205	63
1206	64
1207	72
1208	45
1209	66
1210	52
1211	58
1212	64
1213	57
1214	69
1215	61
1216	57
1217	66
1218	70
1219	66
1220	51
1221	50
1222	64
1223	60
1224	59
1225	50
1226	54
1227	69
1228	61
1229	61
1230	65
1231	72
1232	63
1233	53
1234	52
1235	63
1236	60
1237	62
1238	51
1239	64
1240	61
1241	53
1242	64
1243	54
1244	62
1245	46
1246	62
1247	51
1248	52
1249	55
1250	48
1251	61
1252	59
1253	55
1254	51
1255	62
1256	50
1257	57
1258	59
1259	40
1260	63
1261	56
1262	62
1263	56
1264	68
1265	56
1266	60
1267	59
1268	64
1269	56
1270	54
1271	66
1272	51
1273	50
1274	72
1275	57
1276	59
1277	51
1278	71
1279	65
1280	58
1281	54
1282	57
1283	63
1284	61
1285	49
1286	70
1287	57
1288	47
1289	56
1290	49
1291	53
1292	63
1293	62
1294	59
1295	63
1296	54
1297	64
1298	53
1299	45
1300	57
1301	59
1302	63
1303	65
1304	54
1305	53
1306	57
1307	74
1308	48
1309	52
1310	52
1311	56
1312	52
1313	42
1314	60
1315	60
1316	40
1317	52
1318	52
1319	62
1320	58
1321	54
1322	62
1323	48
1324	54
1325	59
1326	57
1327	49
1328	49
1329	52
1330	63
1331	54
1332	43
1333	57
1334	54
1335	35
1336	53
1337	61
1338	64
1339	53
1340	56
1341	60
1342	60
1343	63
1344	45
1345	60
1346	64
1347	59
1348	53
1349	70
1350	46
1351	53
1352	67
1353	50
1354	55
1355	64
1356	61
1357	45
1358	52
1359	54
1360	47
1361	61
1362	47
1363	53
1364	61
1365	49
1366	50
1367	51
1368	41
1369	53
1370	49
1371	47
1372	50
1373	52
1374	65
1375	65
1376	51
1377	64
1378	55
1379	51
1380	49
1381	47
1382	54
1383	50
1384	45
1385	57
1386	45
1387	54
1388	62
1389	48
1390	54
1391	70
1392	57
1393	58
1394	43
1395	50
1396	56
1397	47
1398	58
1399	51
1400	43
1401	57
1402	57
1403	51
1404	55
1405	50
1406	65
1407	35
1408	60
1409	67
1410	65
1411	62
1412	41
1413	52
1414	42
1415	61
1416	53
1417	56
1418	53
1419	65
1420	45
1421	54
1422	52
1423	57
1424	51
1425	54
1426	54
1427	50
1428	42
1429	64
1430	52
1431	49
1432	45
1433	40
1434	51
1435	43
1436	48
1437	59
1438	57
1439	48
1440	42
1441	47
1442	58
1443	38
1444	52
1445	49
1446	47
1447	49
1448	50
1449	38
1450	39
1451	46
1452	45
1453	53
1454	57
1455	46
1456	45
1457	45
1458	54
1459	57
1460	44
1461	60
1462	65
1463	46
1464	47
1465	53
1466	61
1467	59
1468	91
1469	62
1470	59
1471	37
1472	62
1473	65
1474	63
1475	46
1476	51
1477	53
1478	51
1479	55
1480	43
1481	47
1482	51
1483	50
1484	52
1485	49
1486	47
1487	30
1488	39
1489	50
1490	50
1491	55
1492	48
1493	47
1494	56
1495	54
1496	56
1497	62
1498	39
1499	35
1500	48
1501	52
1502	48
1503	58
1504	41
1505	40
1506	44
1507	39
1508	43
1509	44
1510	45
1511	58
1512	52
1513	42
1514	48
1515	54
1516	52
1517	46
1518	51
1519	48
1520	41
1521	37
1522	40
1523	49
1524	59
1525	51
1526	42
1527	53
1528	62
1529	60
1530	52
1531	46
1532	53
1533	43
1534	46
1535	53
1536	39
1537	45
1538	42
1539	42
1540	54
1541	57
1542	47
1543	50
1544	50
1545	47
1546	52
1547	43
1548	49
1549	57
1550	47
1551	34
1552	53
1553	55
1554	41
1555	45
1556	54
1557	53
1558	54
1559	37
1560	50
1561	53
1562	46
1563	55
1564	39
1565	42
1566	40
1567	57
1568	39
1569	44
1570	40
1571	51
1572	62
1573	47
1574	53
1575	45
1576	45
1577	49
1578	41
1579	48
1580	50
1581	41
1582	53
1583	42
1584	43
1585	35
1586	39
1587	52
1588	51
1589	49
1590	46
1591	47
1592	43
1593	37
1594	51
1595	50
1596	41
1597	36
1598	37
1599	45
1600	39
1601	58
1602	66
1603	43
1604	42
1605	36
1606	39
1607	50
1608	45
1609	42
1610	53
1611	41
1612	59
1613	54
1614	45
1615	34
1616	46
1617	47
1618	43
1619	44
1620	45
1621	37
1622	36
1623	56
1624	44
1625	39
1626	54
1627	52
1628	61
1629	42
1630	57
1631	50
1632	40
1633	50
1634	45
1635	52
1636	46
1637	43
1638	40
1639	47
1640	39
1641	41
1642	49
1643	45
1644	39
1645	53
1646	36
1647	44
1648	45
1649	56
1650	38
1651	45
1652	49
1653	51
1654	35
1655	36
1656	43
1657	44
1658	50
1659	40
1660	43
1661	46
1662	47
1663	38
1664	50
1665	45
1666	36
1667	55
1668	44
1669	46
1670	37
1671	36
1672	32
1673	47
1674	48
1675	43
1676	57
1677	47
1678	44
1679	49
1680	41
1681	45
1682	51
1683	43
1684	52
1685	39
1686	53
1687	44
1688	59
1689	50
1690	43
1691	57
1692	47
1693	46
1694	37
1695	41
1696	42
1697	37
1698	52
1699	40
1700	47
1701	55
1702	34
1703	51
1704	47
1705	35
1706	34
1707	48
1708	48
1709	42
1710	39
1711	49
1712	36
1713	45
1714	43
1715	37
1716	39
1717	39
1718	48
1719	38
1720	51
1721	49
1722	41
1723	35
1724	46
1725	47
1726	42
1727	47
1728	41
1729	48
1730	43
1731	43
1732	36
1733	39
1734	46
1735	42
1736	45
1737	30
1738	48
1739	45
1740	51
1741	50
1742	40
1743	33
1744	48
1745	40
1746	45
1747	57
1748	34
1749	57
1750	35
1751	46
1752	46
1753	51
1754	69
1755	89
1756	62
1757	56
1758	57
1759	47
1760	41
1761	56
1762	49
1763	45
1764	50
1765	30
1766	37
1767	39
1768	31
1769	38
1770	39
1771	46
1772	43
1773	40
1774	33
1775	45
1776	41
1777	44
1778	35
1779	40
1780	44
1781	41
1782	50
1783	33
1784	36
1785	35
1786	46
1787	48
1788	36
1789	37
1790	62
1791	36
1792	34
1793	37
1794	34
1795	33
1796	49
1797	39
1798	26
1799	36
1800	43
1801	43
1802	33
1803	50
1804	32
1805	40
1806	43
1807	39
1808	48
1809	26
1810	34
1811	32
1812	44
1813	37
1814	34
1815	33
1816	28
1817	31
1818	35
1819	41
1820	26
1821	46
1822	40
1823	40
1824	45
1825	38
1826	48
1827	44
1828	29
1829	33
1830	34
1831	55
1832	34
1833	39
1834	47
1835	48
1836	35
1837	44
1838	32
1839	38
1840	27
1841	43
1842	49
1843	35
1844	40
1845	39
1846	35
1847	46
1848	47
1849	41
1850	32
1851	40
1852	37
1853	32
1854	46
1855	49
1856	34
1857	34
1858	30
1859	34
1860	29
1861	41
1862	22
1863	32
1864	34
1865	40
1866	44
1867	37
1868	39
1869	38
1870	31
1871	46
1872	40
1873	42
1874	26
1875	41
1876	49
1877	34
1878	32
1879	38
1880	42
1881	44
1882	41
1883	37
1884	23
1885	35
1886	30
1887	54
1888	33
1889	33
1890	34
1891	36
1892	39
1893	40
1894	32
1895	37
1896	31
1897	32
1898	33
1899	45
1900	45
1901	25
1902	37
1903	44
1904	33
1905	38
1906	33
1907	32
1908	43
1909	39
1910	35
1911	29
1912	44
1913	33
1914	44
1915	42
1916	42
1917	33
1918	45
1919	31
1920	40
1921	34
1922	45
1923	41
1924	22
1925	40
1926	35
1927	29
1928	39
1929	41
1930	35
1931	27
1932	41
1933	30
1934	26
1935	44
1936	32
1937	39
1938	27
1939	35
1940	31
1941	32
1942	43
1943	42
1944	36
1945	21
1946	25
1947	39
1948	32
1949	36
1950	32
1951	35
1952	26
1953	42
1954	33
1955	31
1956	33
1957	36
1958	38
1959	30
1960	30
1961	36
1962	40
1963	35
1964	32
1965	37
1966	36
1967	38
1968	40
1969	36
1970	31
1971	32
1972	49
1973	38
1974	35
1975	23
1976	38
1977	27
1978	33
1979	43
1980	22
1981	28
1982	41
1983	50
1984	36
1985	34
1986	43
1987	27
1988	31
1989	36
1990	42
1991	33
1992	37
1993	31
1994	38
1995	31
1996	38
1997	37
1998	30
1999	36
2000	39
2001	29
2002	36
2003	34
2004	39
2005	23
2006	36
2007	48
2008	43
2009	34
2010	38
2011	38
2012	28
2013	39
2014	41
2015	30
2016	34
2017	36
2018	40
2019	38
2020	31
2021	40
2022	41
2023	33
2024	38
2025	40
2026	35
2027	23
2028	29
2029	33
2030	33
2031	32
2032	35
2033	36
2034	34
2035	31
2036	42
2037	38
2038	28
2039	36
2040	32
2041	38
2042	31
2043	35
2044	35
2045	33
2046	36
2047	40
2048	46
2049	30
2050	39
2051	35
2052	30
2053	39
2054	30
2055	33
2056	42
2057	37
2058	29
2059	38
2060	33
2061	30
2062	35
2063	25
2064	33
2065	34
2066	34
2067	30
2068	34
2069	34
2070	31
2071	38
2072	38
2073	33
2074	36
2075	38
2076	35
2077	43
2078	33
2079	42
2080	26
2081	33
2082	43
2083	28
2084	29
2085	35
2086	42
2087	32
2088	32
2089	40
2090	28
2091	27
2092	40
2093	32
2094	27
2095	43
2096	39
2097	31
2098	32
2099	38
2100	35
2101	37
2102	25
2103	27
2104	45
2105	26
2106	27
2107	40
2108	36
2109	23
2110	32
2111	36
2112	35
2113	34
2114	27
2115	37
2116	31
2117	36
2118	28
2119	32
2120	41
2121	32
2122	45
2123	27
2124	36
2125	31
2126	41
2127	40
2128	32
2129	30
2130	32
2131	40
2132	31
2133	37
2134	36
2135	31
2136	32
2137	40
2138	29
2139	34
2140	39
2141	34
2142	32
2143	37
2144	28
2145	33
2146	41
2147	27
2148	26
2149	21
2150	29
2151	29
2152	37
2153	30
2154	37
2155	27
2156	38
2157	28
2158	40
2159	36
2160	35
2161	32
2162	27
2163	28
2164	37
2165	38
2166	37
2167	35
2168	28
2169	35
2170	31
2171	36
2172	38
2173	32
2174	30
2175	22
2176	34
2177	40
2178	34
2179	37
2180	36
2181	33
2182	29
2183	23
2184	24
2185	27
2186	43
2187	28
2188	35
2189	31
2190	32
2191	29
2192	34
2193	29
2194	33
2195	31
2196	38
2197	35
2198	30
2199	30
2200	29
2201	31
2202	31
2203	37
2204	32
2205	39
2206	37
2207	50
2208	21
2209	38
2210	34
2211	33
2212	26
2213	30
2214	25
2215	29
2216	26
2217	34
2218	33
2219	25
2220	25
2221	29
2222	31
2223	29
2224	26
2225	35
2226	39
2227	33
2228	36
2229	25
2230	23
2231	44
2232	30
2233	28
2234	34
2235	25
2236	28
2237	28
2238	26
2239	29
2240	23
2241	30
2242	26
2243	31
2244	30
2245	34
2246	34
2247	30
2248	24
2249	38
2250	35
2251	35
2252	37
2253	34
2254	29
2255	36
2256	32
2257	30
2258	25
2259	29
2260	29
2261	31
2262	42
2263	24
2264	38
2265	32
2266	31
2267	28
2268	28
2269	29
2270	27
2271	34
2272	36
2273	26
2274	33
2275	27
2276	33
2277	32
2278	42
2279	29
2280	25
2281	33
2282	33
2283	28
2284	30
2285	29
2286	27
2287	40
2288	26
2289	23
2290	29
2291	37
2292	21
2293	24
2294	26
2295	33
2296	29
2297	30
2298	23
2299	31
2300	32
2301	32
2302	30
2303	23
2304	25
2305	27
2306	22
2307	26
2308	31
2309	28
2310	27
2311	21
2312	41
2313	31
2314	30
2315	28
2316	38
2317	25
2318	28
2319	27
2320	38
2321	32
2322	29
2323	28
2324	37
2325	35
2326	31
2327	30
2328	25
2329	33
2330	22
2331	25
2332	25
2333	32
2334	32
2335	24
2336	26
2337	35
2338	24
2339	32
2340	30
2341	30
2342	34
2343	30
2344	31
2345	29
2346	21
2347	22
2348	24
2349	20
2350	31
2351	29
2352	21
2353	29
2354	21
2355	37
2356	30
2357	33
2358	21
2359	26
2360	34
2361	32
2362	22
2363	29
2364	24
2365	22
2366	30
2367	32
2368	24
2369	26
2370	27
2371	27
2372	23
2373	26
2374	17
2375	32
2376	34
2377	33
2378	29
2379	19
2380	26
2381	16
2382	42
2383	28
2384	31
2385	26
2386	11
2387	28
2388	28
2389	32
2390	38
2391	27
2392	30
2393	29
2394	33
2395	36
2396	34
2397	26
2398	25
2399	23
2400	29
2401	25
2402	41
2403	26
2404	23
2405	22
2406	28
2407	28
2408	32
2409	33
2410	19
2411	23
2412	28
2413	23
2414	31
2415	29
2416	22
2417	24
2418	23
2419	28
2420	31
2421	22
2422	36
2423	28
2424	27
2425	30
2426	28
2427	32
2428	28
2429	30
2430	21
2431	23
2432	22
2433	33
2434	28
2435	24
2436	24
2437	23
2438	26
2439	17
2440	31
2441	38
2442	18
2443	24
2444	29
2445	24
2446	22
2447	36
2448	20
2449	27
2450	21
2451	23
2452	27
2453	32
2454	21
2455	21
2456	22
2457	21
2458	29
2459	28
2460	28
2461	20
2462	23
2463	23
2464	28
2465	25
2466	27
2467	27
2468	29
2469	25
2470	22
2471	26
2472	26
2473	27
2474	26
2475	17
2476	32
2477	23
2478	28
2479	30
2480	21
2481	28
2482	34
2483	28
2484	27
2485	22
2486	28
2487	25
2488	28
2489	27
2490	19
2491	19
2492	24
2493	21
2494	24
2495	22
2496	13
2497	22
2498	21
2499	25
2500	24
2501	17
2502	36
2503	36
2504	25
2505	32
2506	28
2507	30
2508	28
2509	31
2510	20
2511	28
2512	26
2513	26
2514	29
2515	19
2516	29
2517	30
2518	26
2519	37
2520	24
2521	31
2522	26
2523	20
2524	20
2525	28
2526	32
2527	31
2528	20
2529	18
2530	26
2531	24
2532	23
2533	36
2534	29
2535	27
2536	24
2537	31
2538	22
2539	28
2540	23
2541	29
2542	25
2543	25
2544	42
2545	29
2546	33
2547	36
2548	45
2549	44
2550	42
2551	55
2552	50
2553	53
2554	82
2555	67
2556	69
2557	74
2558	85
2559	88
2560	72
2561	82
2562	67
2563	54
2564	51
2565	47
2566	50
2567	44
2568	26
2569	26
2570	36
2571	27
2572	31
2573	22
2574	25
2575	24
2576	28
2577	28
2578	31
2579	24
2580	19
2581	34
2582	23
2583	25
2584	22
2585	23
2586	19
2587	33
2588	23
2589	26
2590	24
2591	27
2592	22
2593	13
2594	36
2595	28
2596	22
2597	22
2598	28
2599	17
2600	30
2601	23
2602	17
2603	23
2604	21
2605	23
2606	23
2607	24
2608	25
2609	28
2610	30
2611	20
2612	20
2613	15
2614	28
2615	27
2616	21
2617	35
2618	28
2619	31
2620	19
2621	18
2622	22
2623	16
2624	28
2625	26
2626	27
2627	22
2628	16
2629	29
2630	24
2631	19
2632	20
2633	17
2634	25
2635	27
2636	22
2637	28
2638	21
2639	35
2640	30
2641	29
2642	37
2643	24
2644	20
2645	23
2646	24
2647	30
2648	22
2649	20
2650	21
2651	17
2652	10
2653	25
2654	24
2655	29
2656	19
2657	19
2658	31
2659	21
2660	19
2661	26
2662	14
2663	14
2664	25
2665	14
2666	21
2667	24
2668	27
2669	25
2670	23
2671	11
2672	18
2673	24
2674	21
2675	24
2676	25
2677	28
2678	16
2679	28
2680	31
2681	21
2682	19
2683	24
2684	27
2685	23
2686	27
2687	23
2688	23
2689	18
2690	18
2691	31
2692	27
2693	19
2694	26
2695	25
2696	21
2697	21
2698	17
2699	31
2700	23
2701	22
2702	18
2703	22
2704	18
2705	31
2706	27
2707	17
2708	28
2709	25
2710	28
2711	21
2712	25
2713	27
2714	28
2715	29
2716	21
2717	23
2718	20
2719	27
2720	23
2721	22
2722	23
2723	25
2724	27
2725	23
2726	28
2727	24
2728	22
2729	25
2730	25
2731	23
2732	22
2733	17
2734	27
2735	15
2736	22
2737	23
2738	25
2739	19
2740	24
2741	17
2742	22
2743	17
2744	25
2745	32
2746	22
2747	23
2748	20
2749	26
2750	34
2751	24
2752	29
2753	21
2754	13
2755	20
2756	21
2757	19
2758	21
2759	23
2760	23
2761	28
2762	17
2763	22
2764	23
2765	27
2766	21
2767	28
2768	13
2769	29
2770	17
2771	24
2772	30
2773	24
2774	20
2775	23
2776	26
2777	26
2778	24
2779	20
2780	27
2781	18
2782	29
2783	16
2784	22
2785	19
2786	23
2787	14
2788	30
2789	32
2790	22
2791	25
2792	24
2793	16
2794	17
2795	14
2796	24
2797	29
2798	22
2799	21
2800	30
2801	23
2802	18
2803	27
2804	22
2805	22
2806	23
2807	23
2808	19
2809	13
2810	18
2811	23
2812	25
2813	27
2814	20
2815	24
2816	24
2817	19
2818	17
2819	29
2820	19
2821	25
2822	28
2823	23
2824	25
2825	22
2826	23
2827	28
2828	24
2829	21
2830	21
2831	13
2832	18
2833	14
2834	22
2835	24
2836	18
2837	22
2838	24
2839	17
2840	24
2841	31
2842	20
2843	28
2844	22
2845	19
2846	16
2847	22
2848	16
2849	34
2850	24
2851	20
2852	29
2853	30
2854	28
2855	22
2856	19
2857	30
2858	20
2859	25
2860	29
2861	23
2862	22
2863	17
2864	26
2865	21
2866	21
2867	24
2868	22
2869	17
2870	22
2871	19
2872	24
2873	18
2874	23
2875	25
2876	22
2877	22
2878	20
2879	27
2880	26
2881	23
2882	23
2883	26
2884	25
2885	24
2886	20
2887	22
2888	15
2889	18
2890	20
2891	21
2892	22
2893	21
2894	22
2895	26
2896	26
2897	34
2898	18
2899	23
2900	19
2901	24
2902	22
2903	21
2904	23
2905	24
2906	22
2907	31
2908	17
2909	24
2910	20
2911	26
2912	19
2913	21
2914	29
2915	17
2916	19
2917	29
2918	12
2919	26
2920	33
2921	32
2922	37
2923	34
2924	41
2925	33
2926	37
2927	27
2928	27
2929	24
2930	33
2931	17
2932	26
2933	28
2934	23
2935	21
2936	19
2937	18
2938	22
2939	19
2940	20
2941	22
2942	14
2943	27
2944	15
2945	18
2946	22
2947	29
2948	20
2949	25
2950	23
2951	16
2952	19
2953	18
2954	22
2955	18
2956	17
2957	18
2958	23
2959	30
2960	23
2961	20
2962	13
2963	24
2964	21
2965	19
2966	32
2967	20
2968	34
2969	19
2970	17
2971	24
2972	22
2973	17
2974	27
2975	16
2976	21
2977	25
2978	17
2979	17
2980	19
2981	21
2982	21
2983	15
2984	19
2985	24
2986	22
2987	25
2988	23
2989	24
2990	24
2991	18
2992	24
2993	15
2994	20
2995	22
2996	25
2997	21
2998	31
2999	17
3000	18
3001	24
3002	29
3003	13
3004	26
3005	34
3006	28
3007	18
3008	18
3009	21
3010	21
3011	23
3012	36
3013	25
3014	14
3015	19
3016	26
3017	22
3018	18
3019	17
3020	16
3021	22
3022	22
3023	28
3024	20
3025	17
3026	17
3027	26
3028	21
3029	22
3030	19
3031	17
3032	23
3033	21
3034	19
3035	19
3036	13
3037	29
3038	17
3039	19
3040	21
3041	20
3042	12
3043	28
3044	19
3045	24
3046	20
3047	9
3048	25
3049	30
3050	30
3051	28
3052	34
3053	33
3054	47
3055	53
3056	43
3057	32
3058	29
3059	30
3060	17
3061	23
3062	18
3063	19
3064	26
3065	19
3066	19
3067	15
3068	21
3069	23
3070	17
3071	15
3072	22
3073	22
3074	27
3075	11
3076	23
3077	27
3078	17
3079	20
3080	18
3081	18
3082	19
3083	22
3084	26
3085	21
3086	19
3087	18
3088	14
3089	12
3090	23
3091	18
3092	21
3093	19
3094	27
3095	22
3096	25
3097	16
3098	17
3099	24
3100	15
3101	25
3102	25
3103	15
3104	21
3105	15
3106	23
3107	27
3108	14
3109	15
3110	22
3111	18
3112	24
3113	16
3114	20
3115	12
3116	20
3117	16
3118	20
3119	20
3120	20
3121	24
3122	14
3123	27
3124	22
3125	18
3126	26
3127	34
3128	14
3129	29
3130	13
3131	12
3132	17
3133	12
3134	19
3135	22
3136	22
3137	20
3138	22
3139	21
3140	20
3141	17
3142	22
3143	21
3144	20
3145	21
3146	16
3147	23
3148	23
3149	17
3150	23
3151	13
3152	21
3153	27
3154	22
3155	16
3156	18
3157	23
3158	21
3159	18
3160	20
3161	12
3162	21
3163	30
3164	19
3165	15
3166	26
3167	13
3168	18
3169	13
3170	22
3171	15
3172	23
3173	13
3174	14
3175	22
3176	19
3177	27
3178	18
3179	17
3180	14
3181	14
3182	23
3183	24
3184	18
3185	19
3186	9
3187	14
3188	17
3189	18
3190	25
3191	10
3192	21
3193	14
3194	25
3195	19
3196	22
3197	19
3198	10
3199	20
3200	20
3201	18
3202	17
3203	12
3204	22
3205	24
3206	9
3207	29
3208	19
3209	16
3210	12
3211	19
3212	18
3213	19
3214	23
3215	17
3216	20
3217	16
3218	17
3219	21
3220	16
3221	20
3222	24
3223	20
3224	22
3225	20
3226	25
3227	23
3228	13
3229	26
3230	17
3231	17
3232	23
3233	16
3234	21
3235	24
3236	10
3237	16
3238	22
3239	19
3240	12
3241	12
3242	17
3243	18
3244	17
3245	23
3246	20
3247	16
3248	16
3249	14
3250	30
3251	25
3252	10
3253	19
3254	16
3255	14
3256	19
3257	18
3258	17
3259	24
3260	15
3261	16
3262	18
3263	17
3264	19
3265	14
3266	15
3267	20
3268	16
3269	17
3270	21
3271	22
3272	22
3273	12
3274	15
3275	20
3276	19
3277	22
3278	21
3279	20
3280	15
3281	13
3282	24
3283	20
3284	19
3285	21
3286	15
3287	18
3288	13
3289	18
3290	19
3291	15
3292	16
3293	14
3294	24
3295	18
3296	18
3297	24
3298	11
3299	20
3300	24
3301	18
3302	22
3303	19
3304	17
3305	20
3306	10
3307	22
3308	22
3309	19
3310	29
3311	25
3312	33
3313	42
3314	66
3315	72
3316	118
3317	132
3318	151
3319	185
3320	157
3321	143
3322	112
3323	81
3324	43
3325	32
3326	23
3327	17
3328	16
3329	15
3330	9
3331	12
3332	18
3333	18
3334	15
3335	17
3336	10
3337	14
3338	13
3339	14
3340	18
3341	15
3342	11
3343	19
3344	21
3345	15
3346	11
3347	14
3348	12
3349	14
3350	19
3351	19
3352	12
3353	17
3354	21
3355	17
3356	9
3357	18
3358	17
3359	18
3360	15
3361	12
3362	15
3363	11
3364	18
3365	23
3366	10
3367	13
3368	18
3369	17
3370	15
3371	16
3372	8
3373	12
3374	14
3375	10
3376	17
3377	11
3378	20
3379	9
3380	16
3381	17
3382	9
3383	12
3384	15
3385	15
3386	15
3387	12
3388	8
3389	18
3390	5
3391	18
3392	16
3393	14
3394	9
3395	14
3396	14
3397	10
3398	13
3399	12
3400	25
3401	13
3402	19
3403	13
3404	18
3405	8
3406	9
3407	10
3408	10
3409	15
3410	16
3411	11
3412	5
3413	9
3414	16
3415	17
3416	20
3417	12
3418	11
3419	16
3420	12
3421	18
3422	13
3423	18
3424	10
3425	19
3426	18
3427	14
3428	19
3429	21
3430	14
3431	13
3432	15
3433	15
3434	13
3435	8
3436	9
3437	12
3438	13
3439	11
3440	15
3441	10
3442	19
3443	11
3444	15
3445	12
3446	15
3447	12
3448	17
3449	15
3450	13
3451	15
3452	7
3453	14
3454	20
3455	17
3456	10
3457	17
3458	7
3459	14
3460	13
3461	13
3462	14
3463	17
3464	7
3465	15
3466	15
3467	11
3468	15
3469	11
3470	14
3471	19
3472	15
3473	16
3474	15
3475	16
3476	12
3477	16
3478	16
3479	18
3480	14
3481	11
3482	15
3483	18
3484	11
3485	14
3486	13
3487	18
3488	13
3489	11
3490	11
3491	8
3492	27
3493	14
3494	14
3495	15
3496	10
3497	15
3498	11
3499	13
3500	9
3501	14
3502	16
3503	12
3504	14
3505	15
3506	14
3507	17
3508	18
3509	14
3510	14
3511	10
3512	19
3513	5
3514	19
3515	16
3516	15
3517	18
3518	12
3519	16
3520	8
3521	13
3522	14
3523	8
3524	10
3525	18
3526	21
3527	14
3528	14
3529	9
3530	13
3531	12
3532	10
3533	14
3534	13
3535	16
3536	20
3537	13
3538	21
3539	16
3540	13
3541	16
3542	17
3543	17
3544	17
3545	16
3546	15
3547	15
3548	14
3549	10
3550	16
3551	12
3552	13
3553	11
3554	13
3555	16
3556	15
3557	18
3558	12
3559	16
3560	12
3561	15
3562	9
3563	10
3564	9
3565	16
3566	11
3567	13
3568	14
3569	14
3570	17
3571	13
3572	19
3573	12
3574	11
3575	21
3576	16
3577	12
3578	13
3579	12
3580	13
3581	15
3582	6
3583	18
3584	12
3585	19
3586	18
3587	16
3588	11
3589	14
3590	15
3591	14
3592	14
3593	13
3594	11
3595	8
3596	17
3597	13
3598	11
3599	8
3600	17
3601	18
3602	14
3603	12
3604	9
3605	16
3606	12
3607	14
3608	19
3609	10
3610	10
3611	13
3612	12
3613	10
3614	11
3615	9
3616	14
3617	17
3618	14
3619	14
3620	14
3621	13
3622	18
3623	22
3624	16
3625	12
3626	17
3627	15
3628	18
3629	19
3630	8
3631	16
3632	7
3633	12
3634	10
3635	15
3636	14
3637	15
3638	10
3639	14
3640	12
3641	18
3642	12
3643	11
3644	12
3645	11
3646	12
3647	21
3648	16
3649	17
3650	23
3651	20
3652	14
3653	13
3654	13
3655	10
3656	14
3657	10
3658	9
3659	13
3660	15
3661	11
3662	17
3663	8
3664	16
3665	11
3666	14
3667	6
3668	12
3669	12
3670	9
3671	13
3672	12
3673	14
3674	14
3675	16
3676	5
3677	13
3678	12
3679	13
3680	8
3681	20
3682	9
3683	10
3684	15
3685	13
3686	10
3687	6
3688	14
3689	12
3690	11
3691	13
3692	10
3693	13
3694	12
3695	17
3696	14
3697	13
3698	17
3699	12
3700	12
3701	12
3702	9
3703	15
3704	10
3705	7
3706	14
3707	10
3708	12
3709	13
3710	12
3711	13
3712	12
3713	5
3714	7
3715	18
3716	16
3717	11
3718	15
3719	11
3720	14
3721	19
3722	11
3723	14
3724	5
3725	18
3726	15
3727	10
3728	21
3729	11
3730	14
3731	13
3732	13
3733	15
3734	14
3735	6
3736	9
3737	14
3738	8
3739	18
3740	19
3741	8
3742	13
3743	15
3744	10
3745	9
3746	10
3747	11
3748	16
3749	12
3750	7
3751	18
3752	17
3753	11
3754	13
3755	15
3756	5
3757	18
3758	12
3759	12
3760	11
3761	8
3762	18
3763	14
3764	14
3765	13
3766	10
3767	16
3768	12
3769	18
3770	17
3771	19
3772	11
3773	13
3774	17
3775	9
3776	10
3777	12
3778	9
3779	14
3780	14
3781	11
3782	11
3783	18
3784	6
3785	14
3786	13
3787	14
3788	7
3789	14
3790	15
3791	11
3792	10
3793	13
3794	9
3795	16
3796	17
3797	12
3798	16
3799	9
3800	11
3801	10
3802	8
3803	14
3804	10
3805	10
3806	13
3807	8
3808	25
3809	12
3810	10
3811	11
3812	5
3813	11
3814	7
3815	8
3816	17
3817	16
3818	11
3819	18
3820	15
3821	13
3822	11
3823	10
3824	12
3825	8
3826	12
3827	7
3828	12
3829	15
3830	18
3831	13
3832	14
3833	13
3834	14
3835	22
3836	7
3837	9
3838	19
3839	8
3840	9
3841	11
3842	14
3843	15
3844	15
3845	13
3846	9
3847	4
3848	14
3849	12
3850	11
3851	15
3852	18
3853	13
3854	13
3855	8
3856	16
3857	24
3858	20
3859	14
3860	10
3861	5
3862	13
3863	18
3864	9
3865	19
3866	16
3867	6
3868	9
3869	17
3870	8
3871	12
3872	13
3873	15
3874	16
3875	20
3876	20
3877	9
3878	16
3879	10
3880	12
3881	10
3882	9
3883	15
3884	8
3885	16
3886	16
3887	15
3888	10
3889	17
3890	20
3891	8
3892	15
3893	12
3894	12
3895	12
3896	7
3897	15
3898	17
3899	11
3900	9
3901	18
3902	5
3903	10
3904	14
3905	11
3906	18
3907	9
3908	10
3909	8
3910	9
3911	14
3912	13
3913	10
3914	12
3915	10
3916	9
3917	10
3918	12
3919	16
3920	16
3921	18
3922	14
3923	11
3924	14
3925	7
3926	13
3927	18
3928	15
3929	10
3930	10
3931	11
3932	12
3933	16
3934	13
3935	10
3936	19
3937	10
3938	6
3939	16
3940	11
3941	13
3942	15
3943	15
3944	5
3945	9
3946	13
3947	8
3948	11
3949	18
3950	15
3951	13
3952	9
3953	5
3954	11
3955	9
3956	14
3957	12
3958	9
3959	9
3960	12
3961	11
3962	8
3963	13
3964	8
3965	13
3966	16
3967	12
3968	9
3969	8
3970	13
3971	14
3972	19
3973	12
3974	12
3975	8
3976	11
3977	10
3978	12
3979	16
3980	15
3981	12
3982	7
3983	16
3984	8
3985	10
3986	10
3987	12
3988	16
3989	11
3990	11
3991	9
3992	11
3993	15
3994	12
3995	19
3996	11
3997	14
3998	12
3999	9
4000	11
4001	11
4002	9
4003	15
4004	14
4005	16
4006	17
4007	10
4008	9
4009	5
4010	13
4011	8
4012	10
4013	9
4014	10
4015	13
4016	12
4017	11
4018	10
4019	13
4020	11
4021	10
4022	7
4023	3
4024	11
4025	9
4026	9
4027	11
4028	13
4029	14
4030	16
4031	14
4032	14
4033	12
4034	11
4035	12
4036	10
4037	7
4038	8
4039	12
4040	13
4041	16
4042	9
4043	16
4044	9
4045	15
4046	7
4047	7
4048	15
4049	5
4050	12
4051	12
4052	7
4053	12
4054	6
4055	6
4056	10
4057	9
4058	10
4059	8
4060	10
4061	11
4062	12
4063	7
4064	8
4065	7
4066	13
4067	13
4068	19
4069	15
4070	12
4071	11
4072	10
4073	12
4074	11
4075	15
4076	14
4077	15
4078	14
4079	10
4080	11
4081	8
4082	14
4083	10
4084	8
4085	5
4086	8
4087	11
4088	18
4089	9
4090	14
4091	13
4092	12
4093	11
4094	6
4095	10
4096	9
4097	7
4098	12
4099	7
4100	8
4101	12
4102	10
4103	14
4104	10
4105	15
4106	15
4107	8
4108	13
4109	10
4110	7
4111	18
4112	7
4113	18
4114	9
4115	13
4116	10
4117	9
4118	12
4119	12
4120	15
4121	12
4122	8
4123	12
4124	11
4125	10
4126	15
4127	10
4128	16
4129	12
4130	11
4131	7
4132	12
4133	14
4134	5
4135	11
4136	19
4137	10
4138	9
4139	8
4140	12
4141	11
4142	10
4143	13
4144	10
4145	10
4146	10
4147	6
4148	5
4149	9
4150	15
4151	14
4152	14
4153	13
4154	11
4155	12
4156	14
4157	9
4158	7
4159	11
4160	11
4161	12
4162	8
4163	14
4164	7
4165	10
4166	15
4167	7
4168	11
4169	8
4170	12
4171	10
4172	6
4173	10
4174	8
4175	7
4176	10
4177	5
4178	17
4179	12
4180	9
4181	11
4182	16
4183	10
4184	12
4185	12
4186	7
4187	19
4188	11
4189	13
4190	9
4191	2
4192	13
4193	5
4194	19
4195	12
4196	12
4197	6
4198	14
4199	9
4200	13
4201	11
4202	16
4203	14
4204	9
4205	8
4206	13
4207	6
4208	16
4209	13
4210	12
4211	4
4212	9
4213	10
4214	11
4215	13
4216	14
4217	4
4218	11
4219	11
4220	12
4221	9
4222	11
4223	6
4224	10
4225	14
4226	7
4227	10
4228	11
4229	13
4230	13
4231	12
4232	11
4233	10
4234	5
4235	11
4236	10
4237	13
4238	11
4239	18
4240	17
4241	11
4242	8
4243	13
4244	10
4245	9
4246	8
4247	9
4248	7
4249	11
4250	10
4251	7
4252	8
4253	5
4254	9
4255	8
4256	11
4257	9
4258	14
4259	9
4260	5
4261	10
4262	6
4263	8
4264	8
4265	10
4266	8
4267	15
4268	18
4269	13
4270	12
4271	11
4272	6
4273	12
4274	13
4275	16
4276	10
4277	6
4278	6
4279	11
4280	10
4281	16
4282	11
4283	14
4284	5
4285	8
4286	8
4287	12
4288	11
4289	12
4290	8
4291	4
4292	9
4293	9
4294	15
4295	14
4296	9
4297	9
4298	15
4299	8
4300	6
4301	6
4302	6
4303	10
4304	11
4305	12
4306	6
4307	13
4308	8
4309	8
4310	7
4311	12
4312	18
4313	11
4314	7
4315	8
4316	12
4317	9
4318	7
4319	14
4320	7
4321	10
4322	9
4323	9
4324	18
4325	16
4326	9
4327	11
4328	16
4329	6
4330	8
4331	7
4332	4
4333	11
4334	8
4335	9
4336	14
4337	11
4338	5
4339	10
4340	13
4341	14
4342	12
4343	11
4344	13
4345	9
4346	6
4347	7
4348	8
4349	3
4350	14
4351	13
4352	15
4353	10
4354	5
4355	9
4356	9
4357	10
4358	9
4359	12
4360	5
4361	11
4362	10
4363	7
4364	15
4365	6
4366	5
4367	8
4368	10
4369	10
4370	9
4371	5
4372	8
4373	11
4374	12
4375	10
4376	6
4377	9
4378	7
4379	8
4380	12
4381	14
4382	6
4383	8
4384	8
4385	7
4386	14
4387	12
4388	8
4389	14
4390	7
4391	12
4392	6
4393	16
4394	8
4395	11
4396	11
4397	13
4398	9
4399	13
4400	10
4401	5
4402	3
4403	14
4404	10
4405	12
4406	13
4407	8
4408	11
4409	8
4410	6
4411	13
4412	12
4413	16
4414	9
4415	13
4416	13
4417	14
4418	7
4419	6
4420	13
4421	16
4422	7
4423	10
4424	10
4425	6
4426	11
4427	11
4428	13
4429	14
4430	13
4431	10
4432	6
4433	10
4434	15
4435	12
4436	10
4437	8
4438	12
4439	11
4440	10
4441	6
4442	12
4443	9
4444	13
4445	5
4446	12
4447	11
4448	13
4449	15
4450	10
4451	13
4452	19
4453	8
4454	10
4455	12
4456	11
4457	9
4458	15
4459	7
4460	9
4461	8
4462	13
4463	8
4464	5
4465	10
4466	5
4467	7
4468	8
4469	12
4470	12
4471	13
4472	8
4473	8
4474	8
4475	7
4476	6
4477	16
4478	11
4479	4
4480	18
4481	9
4482	8
4483	7
4484	9
4485	16
4486	5
4487	11
4488	12
4489	11
4490	5
4491	7
4492	11
4493	12
4494	6
4495	15
4496	5
4497	9
4498	8
4499	9
4500	11
4501	5
4502	9
4503	10
4504	10
4505	9
4506	13
4507	12
4508	9
4509	8
4510	8
4511	10
4512	13
4513	8
4514	13
4515	11
4516	11
4517	12
4518	9
4519	9
4520	9
4521	8
4522	18
4523	8
4524	17
4525	14
4526	10
4527	11
4528	10
4529	12
4530	12
4531	11
4532	14
4533	15
4534	13
4535	8
4536	10
4537	7
4538	11
4539	11
4540	7
4541	10
4542	12
4543	8
4544	9
4545	12
4546	13
4547	7
4548	7
4549	6
4550	14
4551	3
4552	7
4553	4
4554	6
4555	9
4556	7
4557	10
4558	4
4559	7
4560	5
4561	8
4562	8
4563	13
4564	5
4565	11
4566	11
4567	5
4568	7
4569	7
4570	4
4571	12
4572	15
4573	6
4574	21
4575	16
4576	19
4577	20
4578	25
4579	21
4580	27
4581	27
4582	19
4583	14
4584	21
4585	21
4586	9
4587	14
4588	9
4589	6
4590	15
4591	9
4592	7
4593	13
4594	13
4595	13
4596	13
4597	4
4598	8
4599	11
4600	10
4601	9
4602	10
4603	9
4604	8
4605	13
4606	9
4607	13
4608	9
4609	6
4610	7
4611	11
4612	3
4613	10
4614	12
4615	8
4616	15
4617	10
4618	6
4619	4
4620	8
4621	7
4622	5
4623	8
4624	6
4625	8
4626	9
4627	12
4628	11
4629	10
4630	9
4631	11
4632	11
4633	13
4634	10
4635	10
4636	21
4637	7
4638	5
4639	11
4640	5
4641	8
4642	3
4643	8
4644	11
4645	5
4646	7
4647	11
4648	14
4649	10
4650	6
4651	9
4652	9
4653	14
4654	15
4655	10
4656	6
4657	16
4658	19
4659	13
4660	8
4661	10
4662	5
4663	14
4664	12
4665	10
4666	5
4667	10
4668	8
4669	6
4670	3
4671	14
4672	5
4673	11
4674	5
4675	5
4676	8
4677	9
4678	7
4679	4
4680	11
4681	12
4682	6
4683	11
4684	9
4685	5
4686	8
4687	15
4688	14
4689	6
4690	10
4691	6
4692	14
4693	9
4694	11
4695	11
4696	7
4697	16
4698	6
4699	4
4700	9
4701	9
4702	9
4703	5
4704	14
4705	6
4706	11
4707	13
4708	8
4709	10
4710	7
4711	10
4712	8
4713	6
4714	5
4715	6
4716	10
4717	6
4718	9
4719	9
4720	10
4721	11
4722	5
4723	10
4724	8
4725	6
4726	12
4727	9
4728	5
4729	11
4730	6
4731	8
4732	11
4733	8
4734	6
4735	7
4736	7
4737	5
4738	7
4739	8
4740	13
4741	13
4742	12
4743	9
4744	12
4745	8
4746	8
4747	13
4748	5
4749	9
4750	6
4751	14
4752	7
4753	9
4754	2
4755	11
4756	9
4757	8
4758	14
4759	18
4760	5
4761	7
4762	7
4763	6
4764	8
4765	9
4766	11
4767	12
4768	11
4769	3
4770	12
4771	9
4772	11
4773	8
4774	13
4775	13
4776	3
4777	11
4778	7
4779	6
4780	12
4781	18
4782	15
4783	11
4784	8
4785	8
4786	5
4787	9
4788	7
4789	12
4790	8
4791	11
4792	7
4793	2
4794	10
4795	6
4796	4
4797	13
4798	12
4799	5
4800	9
4801	12
4802	11
4803	13
4804	4
4805	15
4806	6
4807	7
4808	7
4809	6
4810	6
4811	3
4812	6
4813	12
4814	11
4815	7
4816	7
4817	8
4818	8
4819	9
4820	10
4821	8
4822	8
4823	13
4824	6
4825	9
4826	13
4827	9
4828	15
4829	13
4830	8
4831	8
4832	12
4833	3
4834	7
4835	11
4836	8
4837	7
4838	6
4839	12
4840	11
4841	7
4842	10
4843	10
4844	10
4845	12
4846	5
4847	8
4848	10
4849	11
4850	11
4851	7
4852	10
4853	10
4854	9
4855	6
4856	16
4857	9
4858	10
4859	12
4860	2
4861	17
4862	10
4863	12
4864	9
4865	13
4866	6
4867	14
4868	8
4869	20
4870	15
4871	20
4872	12
4873	17
4874	10
4875	17
4876	22
4877	12
4878	4
4879	6
4880	8
4881	9
4882	8
4883	9
4884	10
4885	9
4886	7
4887	6
4888	7
4889	4
4890	4
4891	11
4892	6
4893	6
4894	8
4895	11
4896	9
4897	4
4898	7
4899	6
4900	12
4901	9
4902	6
4903	7
4904	5
4905	11
4906	6
4907	7
4908	7
4909	9
4910	4
4911	9
4912	7
4913	8
4914	8
4915	4
4916	9
4917	9
4918	8
4919	8
4920	3
4921	7
4922	7
4923	4
4924	10
4925	11
4926	13
4927	5
4928	10
4929	6
4930	10
4931	9
4932	5
4933	11
4934	8
4935	11
4936	11
4937	10
4938	12
4939	15
4940	6
4941	15
4942	8
4943	11
4944	9
4945	10
4946	12
4947	8
4948	8
4949	8
4950	9
4951	12
4952	9
4953	10
4954	10
4955	8
4956	11
4957	7
4958	5
4959	4
4960	8
4961	12
4962	11
4963	11
4964	6
4965	8
4966	5
4967	8
4968	9
4969	10
4970	10
4971	7
4972	10
4973	6
4974	5
4975	16
4976	5
4977	10
4978	9
4979	9
4980	7
4981	11
4982	10
4983	5
4984	6
4985	6
4986	12
4987	8
4988	9
4989	9
4990	8
4991	10
4992	7
4993	12
4994	8
4995	5
4996	8
4997	7
4998	11
4999	12
5000	11
5001	9
5002	3
5003	7
5004	12
5005	11
5006	7
5007	12
5008	9
5009	5
5010	2
5011	6
5012	9
5013	6
5014	7
5015	6
5016	7
5017	9
5018	14
5019	6
5020	7
5021	9
5022	8
5023	6
5024	7
5025	7
5026	12
5027	9
5028	11
5029	8
5030	8
5031	13
5032	8
5033	11
5034	4
5035	10
5036	7
5037	13
5038	4
5039	5
5040	10
5041	7
5042	8
5043	6
5044	7
5045	4
5046	14
5047	4
5048	7
5049	10
5050	7
5051	10
5052	9
5053	11
5054	11
5055	6
5056	7
5057	13
5058	4
5059	7
5060	9
5061	6
5062	5
5063	3
5064	6
5065	5
5066	6
5067	8
5068	4
5069	8
5070	7
5071	6
5072	6
5073	11
5074	9
5075	8
5076	7
5077	10
5078	5
5079	14
5080	11
5081	5
5082	18
5083	6
5084	6
5085	8
5086	11
5087	8
5088	6
5089	3
5090	8
5091	9
5092	8
5093	10
5094	4
5095	8
5096	5
5097	6
5098	10
5099	8
5100	9
5101	10
5102	10
5103	10
5104	10
5105	9
5106	13
5107	5
5108	7
5109	10
5110	14
5111	12
5112	6
5113	9
5114	7
5115	10
5116	6
5117	3
5118	9
5119	14
5120	14
5121	6
5122	10
5123	9
5124	6
5125	10
5126	5
5127	5
5128	8
5129	3
5130	5
5131	13
5132	6
5133	5
5134	8
5135	7
5136	4
5137	12
5138	8
5139	7
5140	9
5141	8
5142	7
5143	8
5144	6
5145	12
5146	4
5147	7
5148	7
5149	6
5150	6
5151	7
5152	15
5153	6
5154	7
5155	10
5156	7
5157	9
5158	8
5159	11
5160	9
5161	9
5162	2
5163	9
5164	5
5165	6
5166	8
5167	9
5168	8
5169	12
5170	4
5171	13
5172	9
5173	10
5174	5
5175	3
5176	12
5177	9
5178	10
5179	8
5180	10
5181	3
5182	8
5183	4
5184	12
5185	10
5186	8
5187	3
5188	8
5189	10
5190	4
5191	4
5192	6
5193	7
5194	8
5195	7
5196	0
5197	5
5198	3
5199	7
5200	7
5201	11
5202	5
5203	6
5204	8
5205	5
5206	10
5207	12
5208	11
5209	11
5210	7
5211	6
5212	11
5213	5
5214	5
5215	5
5216	8
5217	7
5218	10
5219	11
5220	7
5221	4
5222	7
5223	6
5224	6
5225	5
5226	6
5227	8
5228	13
5229	8
5230	8
5231	11
5232	6
5233	10
5234	5
5235	5
5236	11
5237	10
5238	4
5239	6
5240	7
5241	3
5242	9
5243	9
5244	2
5245	12
5246	7
5247	15
5248	5
5249	2
5250	8
5251	11
5252	9
5253	6
5254	8
5255	6
5256	9
5257	6
5258	7
5259	5
5260	10
5261	6
5262	6
5263	13
5264	5
5265	7
5266	8
5267	4
5268	12
5269	13
5270	9
5271	7
5272	10
5273	9
5274	8
5275	6
5276	8
5277	12
5278	5
5279	6
5280	6
5281	15
5282	9
5283	10
5284	12
5285	4
5286	8
5287	6
5288	8
5289	4
5290	3
5291	6
5292	5
5293	10
5294	14
5295	8
5296	5
5297	10
5298	13
5299	5
5300	9
5301	6
5302	5
5303	12
5304	7
5305	8
5306	14
5307	7
5308	6
5309	9
5310	6
5311	7
5312	7
5313	6
5314	5
5315	14
5316	8
5317	8
5318	11
5319	2
5320	7
5321	5
5322	8
5323	9
5324	11
5325	7
5326	10
5327	10
5328	8
5329	11
5330	11
5331	8
5332	8
5333	7
5334	8
5335	6
5336	5
5337	10
5338	9
5339	12
5340	4
5341	4
5342	10
5343	7
5344	7
5345	6
5346	4
5347	12
5348	4
5349	13
5350	11
5351	7
5352	15
5353	6
5354	9
5355	7
5356	8
5357	8
5358	6
5359	4
5360	10
5361	4
5362	14
5363	14
5364	4
5365	16
5366	9
5367	9
5368	10
5369	6
5370	3
5371	9
5372	8
5373	8
5374	6
5375	7
5376	4
5377	6
5378	11
5379	8
5380	7
5381	7
5382	9
5383	9
5384	11
5385	4
5386	13
5387	5
5388	8
5389	11
5390	15
5391	5
5392	6
5393	8
5394	1
5395	8
5396	12
5397	10
5398	8
5399	7
5400	9
5401	6
5402	7
5403	14
5404	7
5405	7
5406	4
5407	9
5408	6
5409	13
5410	7
5411	4
5412	10
5413	2
5414	8
5415	3
5416	6
5417	8
5418	7
5419	3
5420	10
5421	5
5422	7
5423	4
5424	9
5425	7
5426	6
5427	6
5428	10
5429	13
5430	9
5431	3
5432	7
5433	10
5434	13
5435	11
5436	10
5437	9
5438	11
5439	8
5440	7
5441	7
5442	9
5443	3
5444	5
5445	6
5446	5
5447	6
5448	5
5449	6
5450	7
5451	7
5452	4
5453	3
5454	10
5455	9
5456	11
5457	8
5458	9
5459	7
5460	6
5461	8
5462	6
5463	7
5464	6
5465	5
5466	2
5467	7
5468	4
5469	14
5470	3
5471	6
5472	9
5473	10
5474	4
5475	7
5476	4
5477	8
5478	9
5479	3
5480	8
5481	7
5482	12
5483	9
5484	7
5485	7
5486	5
5487	4
5488	8
5489	10
5490	10
5491	8
5492	7
5493	9
5494	6
5495	5
5496	8
5497	7
5498	6
5499	10
5500	7
5501	8
5502	6
5503	9
5504	7
5505	8
5506	10
5507	5
5508	6
5509	9
5510	4
5511	5
5512	14
5513	5
5514	11
5515	4
5516	7
5517	5
5518	7
5519	9
5520	7
5521	12
5522	6
5523	6
5524	12
5525	7
5526	10
5527	5
5528	7
5529	7
5530	12
5531	7
5532	2
5533	10
5534	9
5535	11
5536	7
5537	9
5538	3
5539	8
5540	8
5541	9
5542	8
5543	9
5544	11
5545	9
5546	7
5547	7
5548	8
5549	5
5550	5
5551	7
5552	11
5553	9
5554	12
5555	6
5556	11
5557	2
5558	8
5559	6
5560	11
5561	5
5562	10
5563	6
5564	13
5565	10
5566	8
5567	14
5568	6
5569	6
5570	8
5571	10
5572	12
5573	6
5574	3
5575	7
5576	11
5577	9
5578	10
5579	7
5580	7
5581	10
5582	6
5583	2
5584	6
5585	6
5586	3
5587	6
5588	9
5589	11
5590	7
5591	7
5592	6
5593	3
5594	5
5595	8
5596	9
5597	7
5598	7
5599	6
5600	12
5601	5
5602	6
5603	5
5604	6
5605	11
5606	3
5607	10
5608	9
5609	8
5610	10
5611	6
5612	4
5613	12
5614	9
5615	7
5616	8
5617	11
5618	7
5619	6
5620	8
5621	6
5622	6
5623	3
5624	7
5625	7
5626	8
5627	4
5628	7
5629	11
5630	14
5631	11
5632	18
5633	17
5634	17
5635	14
5636	15
5637	13
5638	13
5639	15
5640	10
5641	9
5642	12
5643	4
5644	3
5645	4
5646	7
5647	9
5648	8
5649	8
5650	10
5651	12
5652	8
5653	5
5654	6
5655	6
5656	9
5657	5
5658	8
5659	9
5660	11
5661	7
5662	5
5663	5
5664	7
5665	10
5666	4
5667	6
5668	7
5669	8
5670	9
5671	8
5672	3
5673	8
5674	9
5675	12
5676	4
5677	7
5678	6
5679	6
5680	15
5681	6
5682	4
5683	7
5684	5
5685	6
5686	12
5687	8
5688	6
5689	9
5690	7
5691	6
5692	7
5693	10
5694	8
5695	9
5696	4
5697	4
5698	5
5699	5
5700	4
5701	8
5702	7
5703	4
5704	3
5705	6
5706	5
5707	8
5708	9
5709	7
5710	9
5711	7
5712	9
5713	3
5714	5
5715	3
5716	8
5717	5
5718	9
5719	7
5720	6
5721	7
5722	11
5723	11
5724	10
5725	10
5726	9
5727	8
5728	10
5729	4
5730	1
5731	7
5732	9
5733	6
5734	6
5735	7
5736	7
5737	5
5738	5
5739	8
5740	3
5741	10
5742	5
5743	3
5744	6
5745	8
5746	6
5747	8
5748	7
5749	7
5750	9
5751	6
5752	11
5753	6
5754	10
5755	5
5756	4
5757	4
5758	3
5759	6
5760	11
5761	7
5762	12
5763	7
5764	3
5765	4
5766	9
5767	10
5768	4
5769	7
5770	7
5771	5
5772	9
5773	8
5774	9
5775	10
5776	5
5777	5
5778	7
5779	10
5780	7
5781	7
5782	3
5783	4
5784	11
5785	6
5786	8
5787	12
5788	14
5789	13
5790	8
5791	11
5792	7
5793	8
5794	9
5795	7
5796	8
5797	4
5798	8
5799	8
5800	8
5801	5
5802	9
5803	8
5804	4
5805	12
5806	6
5807	10
5808	5
5809	4
5810	7
5811	9
5812	11
5813	8
5814	8
5815	9
5816	6
5817	12
5818	3
5819	7
5820	6
5821	9
5822	10
5823	4
5824	6
5825	9
5826	7
5827	12
5828	5
5829	9
5830	6
5831	7
5832	9
5833	6
5834	3
5835	6
5836	8
5837	3
5838	5
5839	8
5840	3
5841	2
5842	8
5843	7
5844	9
5845	6
5846	10
5847	7
5848	8
5849	5
5850	10
5851	7
5852	8
5853	12
5854	3
5855	10
5856	5
5857	5
5858	13
5859	8
5860	7
5861	5
5862	15
5863	5
5864	6
5865	8
5866	5
5867	16
5868	5
5869	8
5870	6
5871	4
5872	9
5873	8
5874	7
5875	6
5876	12
5877	7
5878	10
5879	6
5880	3
5881	3
5882	5
5883	8
5884	12
5885	4
5886	6
5887	5
5888	6
5889	6
5890	6
5891	7
5892	6
5893	6
5894	4
5895	11
5896	9
5897	10
5898	6
5899	9
5900	5
5901	9
5902	7
5903	5
5904	5
5905	7
5906	5
5907	8
5908	2
5909	9
5910	8
5911	9
5912	8
5913	7
5914	7
5915	6
5916	7
5917	4
5918	8
5919	5
5920	6
5921	3
5922	8
5923	2
5924	9
5925	11
5926	10
5927	8
5928	7
5929	6
5930	5
5931	3
5932	8
5933	6
5934	8
5935	4
5936	6
5937	8
5938	4
5939	7
5940	9
5941	8
5942	7
5943	6
5944	7
5945	2
5946	10
5947	9
5948	11
5949	5
5950	4
5951	6
5952	4
5953	10
5954	14
5955	3
5956	4
5957	4
5958	12
5959	7
5960	6
5961	7
5962	6
5963	7
5964	7
5965	9
5966	4
5967	8
5968	5
5969	9
5970	6
5971	8
5972	7
5973	8
5974	6
5975	1
5976	9
5977	6
5978	8
5979	1
5980	4
5981	7
5982	2
5983	4
5984	7
5985	3
5986	8
5987	8
5988	7
5989	8
5990	7
5991	9
5992	8
5993	7
5994	11
5995	8
5996	9
5997	8
5998	9
5999	12
6000	11
6001	5
6002	5
6003	8
6004	6
6005	3
6006	8
6007	9
6008	7
6009	12
6010	5
6011	5
6012	5
6013	7
6014	9
6015	12
6016	9
6017	4
6018	4
6019	6
6020	7
6021	4
6022	9
6023	5
6024	5
6025	12
6026	8
6027	10
6028	5
6029	10
6030	7
6031	7
6032	6
6033	10
6034	3
6035	9
6036	6
6037	5
6038	4
6039	4
6040	13
6041	8
6042	5
6043	9
6044	8
6045	9
6046	6
6047	4
6048	5
6049	8
6050	8
6051	7
6052	5
6053	6
6054	6
6055	4
6056	8
6057	2
6058	5
6059	5
6060	6
6061	4
6062	4
6063	8
6064	13
6065	6
6066	8
6067	8
6068	7
6069	8
6070	6
6071	8
6072	5
6073	6
6074	5
6075	11
6076	7
6077	4
6078	6
6079	10
6080	8
6081	18
6082	9
6083	7
6084	13
6085	9
6086	6
6087	7
6088	5
6089	6
6090	7
6091	7
6092	7
6093	5
6094	11
6095	13
6096	4
6097	5
6098	10
6099	7
6100	6
6101	5
6102	4
6103	5
6104	8
6105	7
6106	8
6107	7
6108	4
6109	5
6110	10
6111	12
6112	4
6113	9
6114	8
6115	9
6116	3
6117	6
6118	5
6119	8
6120	7
6121	9
6122	8
6123	9
6124	9
6125	3
6126	8
6127	7
6128	9
6129	4
6130	7
6131	9
6132	8
6133	5
6134	7
6135	8
6136	10
6137	5
6138	5
6139	4
6140	6
6141	8
6142	2
6143	6
6144	12
6145	7
6146	6
6147	6
6148	8
6149	7
6150	7
6151	8
6152	5
6153	11
6154	5
6155	7
6156	9
6157	15
6158	10
6159	3
6160	7
6161	7
6162	3
6163	8
6164	4
6165	9
6166	7
6167	3
6168	4
6169	4
6170	6
6171	4
6172	9
6173	5
6174	5
6175	5
6176	3
6177	7
6178	5
6179	4
6180	6
6181	9
6182	9
6183	6
6184	4
6185	5
6186	6
6187	10
6188	4
6189	8
6190	7
6191	7
6192	7
6193	8
6194	8
6195	8
6196	6
6197	10
6198	5
6199	6
6200	5
6201	3
6202	5
6203	3
6204	8
6205	8
6206	8
6207	10
6208	6
6209	6
6210	8
6211	4
6212	5
6213	7
6214	4
6215	10
6216	13
6217	11
6218	4
6219	6
6220	9
6221	6
6222	3
6223	9
6224	4
6225	6
6226	13
6227	7
6228	9
6229	9
6230	10
6231	8
6232	7
6233	12
6234	13
6235	8
6236	9
6237	6
6238	9
6239	5
6240	11
6241	6
6242	3
6243	8
6244	6
6245	4
6246	5
6247	9
6248	5
6249	6
6250	8
6251	7
6252	9
6253	8
6254	12
6255	5
6256	5
6257	7
6258	7
6259	8
6260	3
6261	6
6262	7
6263	5
6264	8
6265	8
6266	4
6267	7
6268	10
6269	3
6270	6
6271	12
6272	7
6273	6
6274	7
6275	4
6276	3
6277	6
6278	6
6279	8
6280	10
6281	7
6282	7
6283	15
6284	3
6285	3
6286	1
6287	5
6288	10
6289	5
6290	5
6291	2
6292	12
6293	3
6294	2
6295	9
6296	1
6297	6
6298	4
6299	3
6300	10
6301	7
6302	6
6303	5
6304	7
6305	9
6306	4
6307	6
6308	7
6309	6
6310	3
6311	5
6312	7
6313	7
6314	2
6315	5
6316	5
6317	7
6318	4
6319	6
6320	12
6321	5
6322	3
6323	5
6324	3
6325	7
6326	7
6327	6
6328	4
6329	11
6330	7
6331	6
6332	6
6333	8
6334	5
6335	10
6336	6
6337	9
6338	4
6339	7
6340	5
6341	8
6342	4
6343	9
6344	3
6345	6
6346	2
6347	5
6348	7
6349	6
6350	5
6351	4
6352	5
6353	7
6354	4
6355	6
6356	3
6357	1
6358	4
6359	2
6360	7
6361	0
6362	6
6363	8
6364	10
6365	9
6366	4
6367	5
6368	3
6369	5
6370	3
6371	2
6372	3
6373	6
6374	4
6375	6
6376	7
6377	6
6378	7
6379	3
6380	1
6381	3
6382	3
6383	6
6384	16
6385	5
6386	4
6387	4
6388	5
6389	3
6390	4
6391	4
6392	2
6393	3
6394	4
6395	9
6396	6
6397	9
6398	3
6399	6
6400	9
6401	7
6402	6
6403	10
6404	5
6405	2
6406	7
6407	5
6408	8
6409	5
6410	5
6411	7
6412	8
6413	3
6414	6
6415	2
6416	4
6417	4
6418	4
6419	4
6420	9
6421	6
6422	4
6423	4
6424	5
6425	5
6426	8
6427	5
6428	7
6429	8
6430	4
6431	7
6432	9
6433	8
6434	6
6435	4
6436	1
6437	10
6438	6
6439	8
6440	2
6441	8
6442	5
6443	14
6444	4
6445	3
6446	6
6447	8
6448	8
6449	4
6450	10
6451	6
6452	8
6453	5
6454	4
6455	5
6456	5
6457	4
6458	5
6459	4
6460	3
6461	9
6462	8
6463	4
6464	4
6465	5
6466	9
6467	5
6468	7
6469	8
6470	6
6471	4
6472	4
6473	7
6474	6
6475	5
6476	12
6477	3
6478	6
6479	5
6480	7
6481	5
6482	5
6483	2
6484	2
6485	9
6486	4
6487	2
6488	6
6489	6
6490	0
6491	6
6492	2
6493	5
6494	11
6495	7
6496	5
6497	4
6498	7
6499	7
6500	6
6501	6
6502	6
6503	5
6504	5
6505	9
6506	5
6507	3
6508	6
6509	6
6510	5
6511	4
6512	6
6513	4
6514	6
6515	2
6516	3
6517	6
6518	3
6519	8
6520	1
6521	3
6522	5
6523	1
6524	5
6525	0
6526	5
6527	7
6528	8
6529	6
6530	3
6531	4
6532	5
6533	2
6534	5
6535	2
6536	5
6537	5
6538	9
6539	5
6540	3
6541	4
6542	5
6543	5
6544	2
6545	4
6546	3
6547	4
6548	7
6549	4
6550	5
6551	6
6552	4
6553	7
6554	4
6555	5
6556	7
6557	7
6558	5
6559	4
6560	8
6561	3
6562	1
6563	7
6564	7
6565	3
6566	4
6567	8
6568	6
6569	4
6570	10
6571	5
6572	4
6573	3
6574	6
6575	6
6576	6
6577	8
6578	7
6579	1
6580	7
6581	4
6582	7
6583	3
6584	8
6585	5
6586	6
6587	6
6588	3
6589	3
6590	1
6591	6
6592	5
6593	3
6594	4
6595	7
6596	3
6597	1
6598	8
6599	3
6600	1
6601	2
6602	5
6603	5
6604	6
6605	4
6606	6
6607	2
6608	3
6609	1
6610	6
6611	6
6612	7
6613	4
6614	2
6615	4
6616	1
6617	5
6618	1
6619	4
6620	6
6621	4
6622	5
6623	4
6624	4
6625	5
6626	2
6627	3
6628	2
6629	5
6630	9
6631	6
6632	4
6633	2
6634	5
6635	2
6636	3
6637	9
6638	4
6639	5
6640	9
6641	3
6642	4
6643	7
6644	1
6645	3
6646	6
6647	7
6648	5
6649	8
6650	4
6651	1
6652	5
6653	5
6654	6
6655	6
6656	2
6657	7
6658	3
6659	4
6660	5
6661	4
6662	8
6663	6
6664	4
6665	1
6666	6
6667	5
6668	3
6669	7
6670	5
6671	2
6672	3
6673	2
6674	7
6675	0
6676	1
6677	6
6678	6
6679	4
6680	3
6681	2
6682	2
6683	5
6684	2
6685	10
6686	6
6687	6
6688	3
6689	7
6690	0
6691	3
6692	4
6693	9
6694	1
6695	6
6696	6
6697	8
6698	4
6699	5
6700	6
6701	4
6702	6
6703	3
6704	3
6705	4
6706	4
6707	11
6708	4
6709	5
6710	4
6711	4
6712	2
6713	5
6714	5
6715	4
6716	3
6717	7
6718	4
6719	3
6720	4
6721	8
6722	10
6723	9
6724	3
6725	2
6726	6
6727	5
6728	8
6729	4
6730	3
6731	5
6732	5
6733	4
6734	6
6735	4
6736	7
6737	3
6738	4
6739	1
6740	3
6741	4
6742	5
6743	7
6744	5
6745	3
6746	5
6747	2
6748	4
6749	4
6750	7
6751	6
6752	5
6753	2
6754	9
6755	8
6756	2
6757	3
6758	4
6759	5
6760	3
6761	6
6762	10
6763	4
6764	5
6765	4
6766	2
6767	2
6768	6
6769	6
6770	8
6771	4
6772	2
6773	3
6774	3
6775	7
6776	5
6777	5
6778	5
6779	3
6780	5
6781	5
6782	3
6783	7
6784	6
6785	4
6786	6
6787	6
6788	5
6789	6
6790	3
6791	4
6792	7
6793	8
6794	3
6795	4
6796	3
6797	3
6798	7
6799	2
6800	3
6801	5
6802	6
6803	1
6804	5
6805	3
6806	3
6807	3
6808	8
6809	3
6810	9
6811	3
6812	1
6813	5
6814	5
6815	1
6816	3
6817	5
6818	3
6819	3
6820	3
6821	5
6822	4
6823	4
6824	5
6825	3
6826	1
6827	1
6828	2
6829	3
6830	6
6831	4
6832	2
6833	8
6834	7
6835	5
6836	2
6837	2
6838	6
6839	9
6840	4
6841	3
6842	1
6843	5
6844	3
6845	3
6846	4
6847	4
6848	4
6849	4
6850	3
6851	5
6852	3
6853	2
6854	3
6855	3
6856	3
6857	4
6858	7
6859	7
6860	2
6861	4
6862	3
6863	1
6864	6
6865	4
6866	3
6867	5
6868	2
6869	2
6870	5
6871	4
6872	10
6873	5
6874	3
6875	5
6876	2
6877	2
6878	7
6879	4
6880	3
6881	3
6882	7
6883	0
6884	3
6885	1
6886	3
6887	7
6888	1
6889	2
6890	1
6891	4
6892	4
6893	2
6894	2
6895	3
6896	3
6897	3
6898	5
6899	9
6900	2
6901	2
6902	3
6903	8
6904	7
6905	1
6906	1
6907	5
6908	3
6909	3
6910	5
6911	5
6912	3
6913	5
6914	8
6915	7
6916	3
6917	3
6918	3
6919	1
6920	5
6921	3
6922	5
6923	4
6924	3
6925	6
6926	2
6927	8
6928	2
6929	4
6930	3
6931	7
6932	1
6933	12
6934	5
6935	3
6936	5
6937	7
6938	3
6939	7
6940	5
6941	6
6942	3
6943	4
6944	1
6945	7
6946	6
6947	3
6948	6
6949	6
6950	5
6951	3
6952	3
6953	9
6954	2
6955	2
6956	5
6957	8
6958	6
6959	2
6960	1
6961	3
6962	1
6963	7
6964	8
6965	3
6966	3
6967	2
6968	6
6969	5
6970	4
6971	1
6972	2
6973	0
6974	6
6975	4
6976	4
6977	3
6978	7
6979	3
6980	4
6981	3
6982	7
6983	3
6984	5
6985	5
6986	6
6987	3
6988	10
6989	6
6990	1
6991	3
6992	6
6993	4
6994	0
6995	3
6996	2
6997	1
6998	4
6999	2
7000	4
7001	6
7002	6
7003	4
7004	7
7005	4
7006	3
7007	5
7008	2
7009	2
7010	5
7011	3
7012	5
7013	5
7014	1
7015	0
7016	0
7017	2
7018	5
7019	5
7020	3
7021	6
7022	0
7023	1
7024	4
7025	4
7026	4
7027	6
7028	4
7029	4
7030	5
7031	2
7032	4
7033	6
7034	2
7035	6
7036	3
7037	4
7038	4
7039	4
7040	5
7041	1
7042	3
7043	3
7044	5
7045	2
7046	4
7047	3
7048	0
7049	4
7050	5
7051	6
7052	5
7053	4
7054	5
7055	6
7056	3
7057	4
7058	4
7059	3
7060	4
7061	6
7062	1
7063	2
7064	4
7065	5
7066	4
7067	4
7068	5
7069	3
7070	2
7071	0
7072	6
7073	3
7074	5
7075	3
7076	2
7077	5
7078	7
7079	5
7080	5
7081	9
7082	7
7083	2
7084	5
7085	5
7086	5
7087	2
7088	5
7089	2
7090	5
7091	6
7092	7
7093	3
7094	0
7095	6
7096	1
7097	4
7098	3
7099	1
7100	4
7101	5
7102	3
7103	1
7104	4
7105	2
7106	8
7107	11
7108	3
7109	3
7110	1
7111	5
7112	4
7113	6
7114	6
7115	3
7116	6
7117	5
7118	8
7119	5
7120	0
7121	4
7122	2
7123	1
7124	5
7125	5
7126	3
7127	5
7128	6
7129	6
7130	3
7131	2
7132	2
7133	4
7134	6
7135	4
7136	5
7137	1
7138	6
7139	2
7140	3
7141	2
7142	6
7143	2
7144	2
7145	2
7146	3
7147	1
7148	4
7149	5
7150	5
7151	3
7152	5
7153	4
7154	4
7155	5
7156	3
7157	4
7158	5
7159	5
7160	7
7161	1
7162	1
7163	1
7164	5
7165	4
7166	5
7167	3
7168	6
7169	6
7170	2
7171	3
7172	1
7173	2
7174	6
7175	5
7176	4
7177	3
7178	4
7179	3
7180	6
7181	2
7182	1
7183	2
7184	1
7185	8
7186	2
7187	5
7188	5
7189	5
7190	3
7191	3
7192	0
7193	3
7194	4
7195	5
7196	3
7197	0
7198	0
7199	4
7200	6
7201	3
7202	4
7203	5
7204	4
7205	7
7206	3
7207	5
7208	5
7209	3
7210	8
7211	2
7212	2
7213	2
7214	2
7215	2
7216	6
7217	5
7218	1
7219	4
7220	5
7221	5
7222	3
7223	3
7224	2
7225	2
7226	2
7227	3
7228	2
7229	6
7230	1
7231	1
7232	1
7233	6
7234	3
7235	6
7236	5
7237	2
7238	1
7239	1
7240	5
7241	4
7242	3
7243	4
7244	4
7245	1
7246	1
7247	3
7248	2
7249	4
7250	0
7251	1
7252	3
7253	2
7254	4
7255	3
7256	5
7257	1
7258	1
7259	4
7260	2
7261	1
7262	6
7263	6
7264	2
7265	3
7266	3
7267	1
7268	3
7269	6
7270	6
7271	1
7272	3
7273	4
7274	5
7275	7
7276	6
7277	0
7278	3
7279	5
7280	2
7281	3
7282	5
7283	2
7284	2
7285	4
7286	1
7287	2
7288	2
7289	7
7290	4
7291	2
7292	1
7293	2
7294	7
7295	0
7296	7
7297	2
7298	5
7299	3
7300	3
7301	1
7302	2
7303	3
7304	6
7305	5
7306	2
7307	4
7308	1
7309	3
7310	3
7311	4
7312	1
7313	4
7314	5
7315	5
7316	5
7317	7
7318	7
7319	5
7320	6
7321	3
7322	7
7323	3
7324	1
7325	2
7326	3
7327	2
7328	6
7329	4
7330	6
7331	5
7332	4
7333	3
7334	9
7335	2
7336	7
7337	8
7338	5
7339	8
7340	3
7341	7
7342	8
7343	11
7344	12
7345	9
7346	22
7347	45
7348	43
7349	51
7350	55
7351	75
7352	90
7353	84
7354	96
7355	99
7356	114
7357	95
7358	76
7359	61
7360	44
7361	27
7362	22
7363	18
7364	11
7365	6
7366	2
7367	0
7368	3
7369	2
7370	0
7371	1
7372	1
7373	4
7374	1
7375	1
7376	4
7377	1
7378	4
7379	3
7380	4
7381	0
7382	3
7383	3
7384	1
7385	2
7386	2
7387	1
7388	7
7389	1
7390	1
7391	3
7392	2
7393	3
7394	1
7395	2
7396	5
7397	3
7398	3
7399	0
7400	1
7401	4
7402	0
7403	1
7404	3
7405	3
7406	0
7407	5
7408	3
7409	1
7410	5
7411	2
7412	1
7413	2
7414	1
7415	1
7416	4
7417	1
7418	1
7419	1
7420	3
7421	1
7422	3
7423	4
7424	2
7425	2
7426	3
7427	0
7428	4
7429	3
7430	3
7431	1
7432	3
7433	4
7434	2
7435	1
7436	4
7437	5
7438	4
7439	4
7440	3
7441	5
7442	4
7443	4
7444	3
7445	5
7446	1
7447	3
7448	2
7449	3
7450	4
7451	2
7452	3
7453	3
7454	4
7455	3
7456	2
7457	5
7458	3
7459	3
7460	4
7461	3
7462	7
7463	4
7464	4
7465	4
7466	2
7467	1
7468	1
7469	3
7470	6
7471	0
7472	4
7473	3
7474	3
7475	4
7476	7
7477	2
7478	1
7479	3
7480	1
7481	1
7482	5
7483	3
7484	3
7485	3
7486	4
7487	7
7488	1
7489	2
7490	1
7491	4
7492	3
7493	4
7494	1
7495	4
7496	2
7497	4
7498	2
7499	4
7500	1
7501	3
7502	3
7503	0
7504	4
7505	1
7506	4
7507	4
7508	1
7509	3
7510	2
7511	6
7512	4
7513	1
7514	2
7515	2
7516	4
7517	4
7518	0
7519	1
7520	2
7521	3
7522	2
7523	6
7524	4
7525	2
7526	6
7527	8
7528	2
7529	5
7530	2
7531	2
7532	3
7533	3
7534	7
7535	2
7536	1
7537	2
7538	1
7539	2
7540	4
7541	4
7542	3
7543	2
7544	3
7545	2
7546	3
7547	4
7548	4
7549	2
7550	1
7551	0
7552	2
7553	6
7554	4
7555	3
7556	4
7557	4
7558	5
7559	5
7560	6
7561	4
7562	5
7563	1
7564	1
7565	4
7566	3
7567	5
7568	1
7569	3
7570	2
7571	2
7572	6
7573	2
7574	3
7575	2
7576	4
7577	4
7578	4
7579	4
7580	2
7581	2
7582	2
7583	0
7584	4
7585	3
7586	2
7587	1
7588	5
7589	1
7590	4
7591	3
7592	1
7593	2
7594	3
7595	3
7596	1
7597	7
7598	4
7599	4
7600	1
7601	1
7602	5
7603	3
7604	5
7605	1
7606	3
7607	2
7608	6
7609	2
7610	4
7611	1
7612	4
7613	4
7614	4
7615	3
7616	1
7617	0
7618	9
7619	2
7620	1
7621	4
7622	3
7623	3
7624	2
7625	3
7626	3
7627	3
7628	1
7629	1
7630	1
7631	7
7632	6
7633	1
7634	3
7635	3
7636	4
7637	1
7638	3
7639	1
7640	2
7641	3
7642	4
7643	2
7644	1
7645	2
7646	3
7647	3
7648	3
7649	4
7650	4
7651	1
7652	1
7653	0
7654	3
7655	1
7656	6
7657	2
7658	1
7659	3
7660	2
7661	1
7662	2
7663	3
7664	7
7665	2
7666	3
7667	1
7668	5
7669	5
7670	5
7671	1
7672	5
7673	2
7674	3
7675	2
7676	3
7677	2
7678	1
7679	2
7680	2
7681	2
7682	3
7683	3
7684	1
7685	2
7686	2
7687	1
7688	4
7689	4
7690	3
7691	0
7692	1
7693	3
7694	3
7695	2
7696	2
7697	4
7698	5
7699	3
7700	5
7701	2
7702	4
7703	0
7704	1
7705	4
7706	4
7707	1
7708	3
7709	1
7710	4
7711	7
7712	5
7713	3
7714	3
7715	3
7716	5
7717	3
7718	1
7719	0
7720	5
7721	2
7722	3
7723	1
7724	1
7725	1
7726	4
7727	5
7728	4
7729	2
7730	3
7731	3
7732	4
7733	4
7734	6
7735	2
7736	1
7737	4
7738	2
7739	6
7740	0
7741	5
7742	3
7743	1
7744	2
7745	4
7746	1
7747	2
7748	5
7749	2
7750	5
7751	2
7752	2
7753	1
7754	1
7755	1
7756	2
7757	1
7758	1
7759	2
7760	0
7761	2
7762	2
7763	5
7764	3
7765	3
7766	3
7767	1
7768	2
7769	0
7770	4
7771	1
7772	1
7773	3
7774	3
7775	1
7776	1
7777	1
7778	5
7779	0
7780	2
7781	5
7782	2
7783	5
7784	5
7785	2
7786	2
7787	4
7788	4
7789	1
7790	5
7791	2
7792	3
7793	4
7794	1
7795	1
7796	4
7797	2
7798	3
7799	4
7800	1
7801	4
7802	2
7803	3
7804	0
7805	3
7806	3
7807	1
7808	2
7809	2
7810	5
7811	1
7812	4
7813	1
7814	3
7815	2
7816	2
7817	1
7818	0
7819	6
7820	4
7821	2
7822	3
7823	0
7824	0
7825	2
7826	5
7827	1
7828	4
7829	3
7830	4
7831	1
7832	0
7833	2
7834	3
7835	3
7836	2
7837	4
7838	2
7839	1
7840	2
7841	1
7842	1
7843	1
7844	1
7845	2
7846	2
7847	2
7848	2
7849	2
7850	1
7851	1
7852	1
7853	3
7854	0
7855	0
7856	1
7857	2
7858	2
7859	3
7860	4
7861	0
7862	2
7863	2
7864	7
7865	0
7866	1
7867	0
7868	2
7869	5
7870	4
7871	0
7872	2
7873	1
7874	1
7875	1
7876	2
7877	0
7878	0
7879	4
7880	1
7881	4
7882	3
7883	1
7884	0
7885	4
7886	0
7887	2
7888	2
7889	1
7890	0
7891	2
7892	4
7893	3
7894	3
7895	0
7896	3
7897	2
7898	5
7899	3
7900	1
7901	1
7902	4
7903	3
7904	5
7905	2
7906	4
7907	2
7908	2
7909	0
7910	1
7911	0
7912	2
7913	2
7914	3
7915	0
7916	2
7917	2
7918	3
7919	4
7920	2
7921	5
7922	3
7923	5
7924	2
7925	1
7926	1
7927	0
7928	2
7929	3
7930	1
7931	1
7932	2
7933	3
7934	3
7935	2
7936	3
7937	4
7938	1
7939	1
7940	2
7941	2
7942	4
7943	3
7944	0
7945	2
7946	2
7947	4
7948	1
7949	2
7950	5
7951	1
7952	4
7953	0
7954	5
7955	1
7956	3
7957	1
7958	5
7959	0
7960	2
7961	3
7962	4
7963	5
7964	1
7965	2
7966	0
7967	1
7968	1
7969	2
7970	2
7971	3
7972	3
7973	3
7974	4
7975	2
7976	5
7977	3
7978	4
7979	5
7980	4
7981	2
7982	3
7983	1
7984	5
7985	1
7986	2
7987	4
7988	1
7989	5
7990	6
7991	2
7992	8
7993	5
7994	1
7995	7
7996	3
7997	5
7998	1
7999	8
8000	3
8001	1
8002	3
8003	5
8004	1
8005	2
8006	6
8007	2
8008	4
8009	4
8010	3
8011	2
8012	3
8013	0
8014	9
8015	6
8016	4
8017	4
8018	3
8019	1
8020	9
8021	7
8022	5
8023	6
8024	6
8025	5
8026	2
8027	4
8028	2
8029	3
8030	1
8031	5
8032	1
8033	3
8034	4
8035	0
8036	2
8037	2
8038	0
8039	3
8040	3
8041	2
8042	5
8043	3
8044	0
8045	3
8046	5
8047	3
8048	3
8049	3
8050	1
8051	0
8052	4
8053	5
8054	4
8055	1
8056	2
8057	1
8058	2
8059	2
8060	5
8061	1
8062	1
8063	2
8064	1
8065	2
8066	4
8067	2
8068	0
8069	3
8070	2
8071	0
8072	5
8073	4
8074	4
8075	2
8076	1
8077	3
8078	3
8079	1
8080	3
8081	0
8082	0
8083	3
8084	1
8085	3
8086	1
8087	3
8088	3
8089	1
8090	2
8091	3
8092	2
8093	1
8094	1
8095	0
8096	2
8097	3
8098	2
8099	2
8100	5
8101	4
8102	2
8103	0
8104	0
8105	4
8106	1
8107	2
8108	0
8109	0
8110	3
8111	2
8112	3
8113	2
8114	1
8115	4
8116	0
8117	2
8118	2
8119	2
8120	3
8121	1
8122	3
8123	4
8124	0
8125	1
8126	1
8127	3
8128	3
8129	3
8130	0
8131	1
8132	0
8133	4
8134	5
8135	0
8136	4
8137	1
8138	3
8139	1
8140	2
8141	1
8142	0
8143	1
8144	3
8145	5
8146	4
8147	1
8148	1
8149	1
8150	0
8151	4
8152	0
8153	1
8154	6
8155	4
8156	4
8157	2
8158	4
8159	3
8160	1
8161	3
8162	4
8163	3
8164	5
8165	1
8166	0
8167	0
8168	0
8169	0
8170	0
8171	0
8172	0
8173	0
8174	0
8175	0
8176	0
8177	0
8178	0
8179	0
8180	0
8181	0
8182	0
8183	0
8184	0
8185	0
8186	0
8187	0
8188	0
8189	0
8190	0
8191	0
