0	0
1	0
2	0
3	0
4	0
5	0
6	0
7	0
8	0
9	0
10	0
11	0
12	0
13	0
14	0
15	0
16	0
17	0
18	0
19	0
20	0
21	0
22	0
23	0
24	0
25	0
26	0
27	0
28	0
29	0
30	0
31	0
32	0
33	0
34	0
35	0
36	0
37	0
38	0
39	0
40	0
41	0
42	0
43	0
44	0
45	0
46	0
47	0
48	0
49	1
50	4
51	4
52	5
53	34
54	224
55	1018
56	2155
57	2398
58	2123
59	1795
60	1564
61	1484
62	1397
63	1346
64	1243
65	1259
66	1227
67	1162
68	1182
69	1127
70	1083
71	1140
72	1106
73	1124
74	1072
75	1001
76	1085
77	1002
78	991
79	1066
80	1036
81	981
82	982
83	971
84	1000
85	1000
86	979
87	1027
88	964
89	987
90	959
91	951
92	998
93	919
94	954
95	950
96	934
97	913
98	914
99	882
100	915
101	971
102	869
103	900
104	847
105	901
106	835
107	937
108	891
109	875
110	872
111	857
112	862
113	849
114	866
115	869
116	830
117	796
118	930
119	884
120	918
121	790
122	835
123	830
124	812
125	846
126	783
127	829
128	809
129	790
130	804
131	750
132	756
133	792
134	775
135	767
136	801
137	807
138	801
139	753
140	774
141	811
142	767
143	798
144	804
145	776
146	786
147	758
148	771
149	758
150	736
151	762
152	739
153	740
154	785
155	802
156	741
157	784
158	743
159	745
160	766
161	766
162	739
163	710
164	734
165	719
166	751
167	748
168	740
169	733
170	689
171	712
172	739
173	666
174	727
175	709
176	735
177	752
178	741
179	765
180	762
181	726
182	674
183	658
184	641
185	726
186	688
187	570
188	633
189	660
190	654
191	636
192	599
193	700
194	640
195	625
196	615
197	674
198	645
199	581
200	644
201	645
202	640
203	613
204	657
205	696
206	740
207	735
208	743
209	648
210	679
211	624
212	668
213	663
214	625
215	614
216	634
217	620
218	583
219	586
220	601
221	613
222	570
223	560
224	610
225	557
226	553
227	558
228	560
229	546
230	578
231	543
232	558
233	573
234	568
235	534
236	575
237	555
238	508
239	546
240	520
241	486
242	546
243	567
244	531
245	579
246	573
247	543
248	534
249	541
250	555
251	527
252	561
253	546
254	534
255	522
256	542
257	501
258	542
259	542
260	539
261	512
262	500
263	483
264	506
265	546
266	505
267	507
268	532
269	511
270	523
271	502
272	508
273	511
274	531
275	564
276	518
277	546
278	513
279	552
280	529
281	499
282	485
283	537
284	502
285	509
286	515
287	517
288	488
289	523
290	547
291	515
292	526
293	514
294	500
295	549
296	468
297	509
298	544
299	506
300	505
301	523
302	506
303	513
304	512
305	519
306	514
307	509
308	545
309	519
310	486
311	504
312	518
313	542
314	536
315	519
316	556
317	552
318	519
319	538
320	505
321	514
322	560
323	543
324	513
325	532
326	617
327	551
328	576
329	523
330	562
331	541
332	587
333	567
334	538
335	574
336	580
337	550
338	622
339	645
340	700
341	888
342	1080
343	1491
344	1853
345	2004
346	1939
347	1565
348	1153
349	876
350	878
351	886
352	1179
353	1660
354	2327
355	3176
356	3516
357	3177
358	2405
359	1584
360	992
361	693
362	615
363	533
364	495
365	485
366	476
367	499
368	473
369	470
370	472
371	468
372	484
373	456
374	445
375	474
376	490
377	483
378	476
379	489
380	488
381	473
382	504
383	478
384	481
385	498
386	502
387	504
388	473
389	428
390	495
391	496
392	500
393	513
394	509
395	511
396	516
397	482
398	551
399	584
400	673
401	817
402	987
403	1392
404	1641
405	1790
406	1924
407	1838
408	1491
409	1099
410	786
411	684
412	609
413	573
414	561
415	625
416	772
417	850
418	995
419	960
420	916
421	764
422	648
423	603
424	542
425	493
426	493
427	457
428	459
429	488
430	417
431	470
432	485
433	461
434	445
435	477
436	421
437	476
438	492
439	489
440	489
441	484
442	475
443	495
444	493
445	544
446	509
447	517
448	535
449	503
450	539
451	518
452	542
453	490
454	457
455	491
456	508
457	557
458	510
459	536
460	496
461	511
462	511
463	486
464	534
465	499
466	511
467	525
468	504
469	522
470	479
471	485
472	511
473	467
474	484
475	489
476	499
477	442
478	491
479	537
480	482
481	461
482	456
483	496
484	453
485	492
486	479
487	473
488	478
489	466
490	462
491	441
492	480
493	475
494	422
495	461
496	494
497	447
498	528
499	504
500	519
501	509
502	463
503	441
504	442
505	509
506	489
507	445
508	447
509	468
510	518
511	457
512	480
513	450
514	482
515	501
516	464
517	481
518	460
519	467
520	521
521	476
522	489
523	457
524	516
525	465
526	508
527	524
528	511
529	506
530	493
531	486
532	507
533	519
534	513
535	506
536	518
537	536
538	478
539	490
540	530
541	484
542	509
543	517
544	533
545	535
546	498
547	556
548	522
549	557
550	515
551	564
552	526
553	545
554	539
555	574
556	541
557	539
558	600
559	543
560	553
561	561
562	528
563	578
564	561
565	542
566	555
567	575
568	547
569	539
570	577
571	566
572	595
573	559
574	550
575	600
576	584
577	541
578	556
579	587
580	606
581	585
582	597
583	618
584	658
585	728
586	932
587	1413
588	2594
589	4894
590	9091
591	14570
592	19750
593	20828
594	18146
595	12236
596	6896
597	3263
598	1785
599	1183
600	915
601	765
602	638
603	544
604	523
605	450
606	440
607	441
608	442
609	398
610	383
611	412
612	357
613	374
614	418
615	373
616	402
617	384
618	375
619	409
620	374
621	354
622	366
623	338
624	359
625	386
626	358
627	380
628	389
629	378
630	347
631	360
632	374
633	390
634	361
635	334
636	315
637	399
638	347
639	358
640	353
641	342
642	339
643	336
644	356
645	358
646	357
647	317
648	327
649	348
650	350
651	362
652	357
653	347
654	311
655	326
656	323
657	300
658	336
659	351
660	325
661	303
662	345
663	321
664	340
665	323
666	344
667	324
668	331
669	330
670	357
671	316
672	360
673	340
674	295
675	365
676	369
677	346
678	329
679	345
680	304
681	310
682	348
683	322
684	339
685	314
686	312
687	349
688	342
689	328
690	300
691	335
692	343
693	347
694	343
695	351
696	313
697	321
698	331
699	324
700	328
701	333
702	331
703	337
704	359
705	318
706	355
707	322
708	326
709	333
710	331
711	330
712	302
713	363
714	340
715	349
716	314
717	337
718	353
719	339
720	356
721	305
722	378
723	362
724	340
725	370
726	353
727	321
728	353
729	363
730	342
731	354
732	364
733	343
734	340
735	365
736	326
737	358
738	346
739	342
740	341
741	346
742	340
743	363
744	369
745	351
746	354
747	334
748	339
749	343
750	347
751	366
752	348
753	316
754	341
755	354
756	385
757	380
758	364
759	340
760	349
761	349
762	325
763	367
764	351
765	387
766	342
767	360
768	342
769	355
770	327
771	365
772	309
773	316
774	377
775	372
776	340
777	356
778	367
779	329
780	325
781	322
782	383
783	355
784	356
785	373
786	346
787	355
788	358
789	377
790	360
791	333
792	333
793	357
794	368
795	340
796	361
797	342
798	377
799	357
800	326
801	371
802	335
803	338
804	344
805	354
806	355
807	349
808	358
809	360
810	372
811	364
812	367
813	328
814	373
815	348
816	333
817	384
818	356
819	337
820	346
821	380
822	363
823	364
824	381
825	334
826	371
827	372
828	338
829	320
830	343
831	382
832	380
833	354
834	380
835	367
836	316
837	382
838	333
839	348
840	384
841	330
842	340
843	356
844	359
845	364
846	371
847	373
848	346
849	337
850	377
851	344
852	335
853	391
854	349
855	326
856	341
857	348
858	369
859	356
860	385
861	335
862	348
863	378
864	375
865	363
866	360
867	394
868	340
869	370
870	328
871	382
872	374
873	329
874	344
875	358
876	360
877	356
878	354
879	368
880	361
881	343
882	364
883	366
884	366
885	384
886	351
887	355
888	366
889	366
890	361
891	338
892	371
893	348
894	381
895	381
896	383
897	385
898	374
899	357
900	400
901	403
902	386
903	344
904	343
905	328
906	393
907	386
908	394
909	369
910	338
911	352
912	359
913	369
914	390
915	361
916	372
917	357
918	353
919	420
920	385
921	350
922	378
923	379
924	369
925	377
926	384
927	359
928	328
929	381
930	359
931	345
932	362
933	366
934	373
935	374
936	367
937	346
938	372
939	372
940	365
941	335
942	348
943	360
944	344
945	372
946	370
947	380
948	364
949	385
950	359
951	400
952	408
953	382
954	359
955	390
956	372
957	365
958	371
959	354
960	360
961	355
962	347
963	366
964	365
965	359
966	384
967	373
968	363
969	360
970	368
971	324
972	341
973	313
974	351
975	332
976	386
977	332
978	363
979	359
980	351
981	344
982	314
983	341
984	317
985	335
986	327
987	367
988	352
989	306
990	316
991	322
992	318
993	310
994	319
995	308
996	345
997	308
998	295
999	336
1000	313
1001	344
1002	301
1003	321
1004	311
1005	332
1006	317
1007	306
1008	329
1009	311
1010	315
1011	314
1012	310
1013	316
1014	308
1015	291
1016	309
1017	311
1018	328
1019	315
1020	293
1021	340
1022	300
1023	295
1024	317
1025	314
1026	314
1027	329
1028	309
1029	307
1030	303
1031	299
1032	313
1033	314
1034	329
1035	272
1036	307
1037	317
1038	300
1039	337
1040	314
1041	315
1042	296
1043	313
1044	315
1045	294
1046	298
1047	290
1048	279
1049	276
1050	275
1051	316
1052	344
1053	303
1054	298
1055	321
1056	307
1057	304
1058	287
1059	291
1060	314
1061	288
1062	308
1063	268
1064	311
1065	300
1066	288
1067	273
1068	307
1069	292
1070	319
1071	281
1072	292
1073	294
1074	277
1075	286
1076	307
1077	266
1078	288
1079	301
1080	291
1081	288
1082	281
1083	291
1084	326
1085	322
1086	284
1087	301
1088	250
1089	281
1090	250
1091	312
1092	306
1093	295
1094	283
1095	315
1096	301
1097	274
1098	316
1099	289
1100	272
1101	326
1102	319
1103	284
1104	319
1105	290
1106	276
1107	307
1108	258
1109	278
1110	261
1111	286
1112	272
1113	280
1114	290
1115	282
1116	281
1117	277
1118	297
1119	264
1120	283
1121	282
1122	312
1123	313
1124	290
1125	288
1126	298
1127	285
1128	299
1129	269
1130	276
1131	266
1132	308
1133	268
1134	269
1135	294
1136	268
1137	257
1138	304
1139	257
1140	270
1141	311
1142	317
1143	254
1144	245
1145	311
1146	257
1147	278
1148	258
1149	283
1150	290
1151	294
1152	288
1153	295
1154	279
1155	253
1156	278
1157	251
1158	278
1159	273
1160	312
1161	273
1162	271
1163	267
1164	268
1165	278
1166	282
1167	282
1168	260
1169	263
1170	256
1171	269
1172	271
1173	292
1174	288
1175	281
1176	286
1177	288
1178	270
1179	278
1180	297
1181	290
1182	264
1183	271
1184	276
1185	294
1186	264
1187	299
1188	261
1189	301
1190	283
1191	282
1192	286
1193	302
1194	254
1195	259
1196	272
1197	292
1198	289
1199	282
1200	266
1201	271
1202	279
1203	278
1204	308
1205	317
1206	351
1207	383
1208	491
1209	725
1210	1239
1211	2022
1212	2834
1213	3601
1214	4061
1215	3899
1216	2968
1217	2007
1218	1207
1219	761
1220	488
1221	368
1222	307
1223	293
1224	303
1225	309
1226	278
1227	242
1228	258
1229	301
1230	326
1231	301
1232	318
1233	269
1234	274
1235	271
1236	280
1237	260
1238	218
1239	267
1240	286
1241	281
1242	235
1243	250
1244	259
1245	262
1246	288
1247	260
1248	298
1249	278
1250	287
1251	304
1252	254
1253	283
1254	258
1255	252
1256	240
1257	260
1258	270
1259	274
1260	263
1261	243
1262	272
1263	284
1264	219
1265	234
1266	269
1267	250
1268	296
1269	264
1270	250
1271	248
1272	274
1273	237
1274	261
1275	253
1276	262
1277	245
1278	245
1279	264
1280	253
1281	243
1282	254
1283	260
1284	262
1285	217
1286	252
1287	235
1288	229
1289	218
1290	227
1291	263
1292	246
1293	255
1294	249
1295	261
1296	234
1297	229
1298	258
1299	222
1300	249
1301	271
1302	255
1303	250
1304	247
1305	236
1306	216
1307	250
1308	267
1309	240
1310	252
1311	240
1312	242
1313	229
1314	279
1315	257
1316	251
1317	256
1318	249
1319	258
1320	251
1321	250
1322	257
1323	258
1324	241
1325	240
1326	233
1327	265
1328	240
1329	262
1330	247
1331	258
1332	260
1333	268
1334	252
1335	256
1336	232
1337	258
1338	266
1339	244
1340	250
1341	236
1342	253
1343	282
1344	246
1345	271
1346	247
1347	245
1348	271
1349	256
1350	269
1351	217
1352	222
1353	255
1354	248
1355	238
1356	239
1357	239
1358	231
1359	230
1360	235
1361	265
1362	244
1363	233
1364	242
1365	264
1366	233
1367	252
1368	259
1369	236
1370	254
1371	253
1372	258
1373	269
1374	241
1375	245
1376	263
1377	238
1378	251
1379	234
1380	251
1381	201
1382	244
1383	226
1384	239
1385	248
1386	223
1387	235
1388	234
1389	250
1390	204
1391	232
1392	234
1393	246
1394	231
1395	236
1396	243
1397	218
1398	212
1399	223
1400	230
1401	270
1402	207
1403	244
1404	256
1405	241
1406	254
1407	226
1408	215
1409	252
1410	196
1411	239
1412	232
1413	243
1414	233
1415	226
1416	231
1417	208
1418	210
1419	221
1420	240
1421	285
1422	221
1423	267
1424	227
1425	239
1426	207
1427	221
1428	234
1429	222
1430	223
1431	238
1432	235
1433	231
1434	228
1435	191
1436	224
1437	237
1438	212
1439	251
1440	234
1441	238
1442	209
1443	215
1444	232
1445	196
1446	234
1447	225
1448	195
1449	217
1450	222
1451	240
1452	233
1453	191
1454	218
1455	226
1456	201
1457	198
1458	235
1459	219
1460	218
1461	220
1462	188
1463	224
1464	221
1465	221
1466	236
1467	262
1468	274
1469	259
1470	265
1471	342
1472	365
1473	379
1474	356
1475	322
1476	296
1477	258
1478	233
1479	220
1480	247
1481	222
1482	205
1483	213
1484	201
1485	205
1486	197
1487	205
1488	182
1489	200
1490	198
1491	191
1492	191
1493	223
1494	189
1495	224
1496	206
1497	210
1498	203
1499	200
1500	198
1501	217
1502	215
1503	226
1504	200
1505	214
1506	173
1507	194
1508	194
1509	187
1510	202
1511	222
1512	205
1513	207
1514	201
1515	192
1516	207
1517	203
1518	188
1519	215
1520	194
1521	177
1522	183
1523	218
1524	197
1525	204
1526	185
1527	192
1528	191
1529	210
1530	210
1531	188
1532	203
1533	175
1534	223
1535	192
1536	212
1537	192
1538	180
1539	210
1540	202
1541	192
1542	197
1543	187
1544	184
1545	184
1546	169
1547	217
1548	191
1549	211
1550	210
1551	196
1552	189
1553	178
1554	209
1555	163
1556	176
1557	197
1558	193
1559	207
1560	151
1561	184
1562	199
1563	173
1564	181
1565	188
1566	213
1567	202
1568	205
1569	207
1570	228
1571	207
1572	177
1573	165
1574	213
1575	206
1576	182
1577	189
1578	169
1579	195
1580	173
1581	179
1582	166
1583	159
1584	202
1585	171
1586	177
1587	190
1588	210
1589	167
1590	183
1591	191
1592	175
1593	198
1594	169
1595	168
1596	174
1597	170
1598	180
1599	172
1600	156
1601	185
1602	180
1603	191
1604	156
1605	165
1606	163
1607	198
1608	165
1609	180
1610	205
1611	164
1612	176
1613	182
1614	169
1615	198
1616	186
1617	189
1618	188
1619	209
1620	222
1621	209
1622	195
1623	174
1624	176
1625	192
1626	169
1627	173
1628	169
1629	172
1630	155
1631	171
1632	163
1633	173
1634	178
1635	191
1636	181
1637	180
1638	195
1639	225
1640	224
1641	240
1642	222
1643	220
1644	191
1645	188
1646	184
1647	163
1648	165
1649	182
1650	157
1651	158
1652	167
1653	149
1654	168
1655	168
1656	189
1657	153
1658	166
1659	181
1660	176
1661	177
1662	165
1663	148
1664	154
1665	143
1666	199
1667	158
1668	162
1669	169
1670	170
1671	181
1672	155
1673	170
1674	163
1675	160
1676	191
1677	183
1678	166
1679	179
1680	184
1681	174
1682	161
1683	189
1684	176
1685	153
1686	157
1687	166
1688	154
1689	173
1690	169
1691	160
1692	186
1693	172
1694	194
1695	191
1696	217
1697	180
1698	196
1699	188
1700	175
1701	175
1702	189
1703	181
1704	195
1705	222
1706	239
1707	265
1708	307
1709	486
1710	740
1711	1287
1712	2232
1713	3758
1714	5509
1715	7349
1716	8584
1717	8534
1718	7423
1719	5389
1720	3483
1721	2123
1722	1102
1723	629
1724	420
1725	309
1726	247
1727	255
1728	225
1729	225
1730	187
1731	164
1732	173
1733	166
1734	175
1735	165
1736	186
1737	170
1738	191
1739	153
1740	150
1741	166
1742	152
1743	127
1744	147
1745	161
1746	146
1747	159
1748	156
1749	152
1750	147
1751	136
1752	134
1753	152
1754	170
1755	168
1756	166
1757	164
1758	138
1759	152
1760	159
1761	139
1762	131
1763	148
1764	127
1765	140
1766	138
1767	150
1768	138
1769	150
1770	143
1771	158
1772	137
1773	140
1774	134
1775	155
1776	130
1777	147
1778	126
1779	129
1780	124
1781	139
1782	131
1783	128
1784	142
1785	155
1786	141
1787	147
1788	130
1789	143
1790	136
1791	117
1792	108
1793	119
1794	146
1795	134
1796	128
1797	150
1798	138
1799	129
1800	133
1801	144
1802	122
1803	135
1804	143
1805	129
1806	132
1807	131
1808	131
1809	113
1810	109
1811	110
1812	134
1813	131
1814	138
1815	136
1816	118
1817	130
1818	132
1819	126
1820	152
1821	130
1822	114
1823	139
1824	144
1825	124
1826	151
1827	147
1828	122
1829	170
1830	153
1831	187
1832	228
1833	313
1834	342
1835	381
1836	376
1837	302
1838	303
1839	215
1840	181
1841	157
1842	135
1843	123
1844	125
1845	151
1846	151
1847	121
1848	151
1849	125
1850	127
1851	120
1852	137
1853	134
1854	117
1855	136
1856	124
1857	129
1858	141
1859	133
1860	126
1861	122
1862	112
1863	120
1864	153
1865	108
1866	141
1867	121
1868	134
1869	133
1870	135
1871	120
1872	122
1873	144
1874	142
1875	134
1876	124
1877	127
1878	138
1879	110
1880	134
1881	124
1882	121
1883	127
1884	128
1885	127
1886	118
1887	113
1888	111
1889	118
1890	131
1891	124
1892	123
1893	104
1894	134
1895	125
1896	141
1897	117
1898	123
1899	124
1900	146
1901	125
1902	126
1903	131
1904	126
1905	121
1906	149
1907	137
1908	132
1909	135
1910	115
1911	103
1912	113
1913	128
1914	107
1915	126
1916	118
1917	107
1918	125
1919	107
1920	111
1921	134
1922	135
1923	126
1924	134
1925	135
1926	106
1927	136
1928	127
1929	136
1930	139
1931	113
1932	106
1933	127
1934	124
1935	138
1936	112
1937	114
1938	134
1939	137
1940	120
1941	129
1942	110
1943	125
1944	119
1945	125
1946	133
1947	120
1948	114
1949	145
1950	114
1951	149
1952	128
1953	116
1954	113
1955	117
1956	124
1957	129
1958	131
1959	132
1960	125
1961	107
1962	128
1963	129
1964	112
1965	109
1966	121
1967	130
1968	115
1969	125
1970	136
1971	140
1972	103
1973	116
1974	116
1975	112
1976	111
1977	119
1978	115
1979	123
1980	109
1981	102
1982	107
1983	119
1984	123
1985	119
1986	110
1987	105
1988	96
1989	105
1990	111
1991	95
1992	127
1993	128
1994	115
1995	110
1996	130
1997	136
1998	113
1999	120
2000	130
2001	145
2002	130
2003	113
2004	104
2005	122
2006	123
2007	116
2008	119
2009	118
2010	114
2011	105
2012	117
2013	124
2014	124
2015	119
2016	101
2017	106
2018	139
2019	110
2020	112
2021	121
2022	117
2023	104
2024	123
2025	123
2026	131
2027	133
2028	121
2029	120
2030	126
2031	128
2032	102
2033	120
2034	110
2035	120
2036	114
2037	97
2038	114
2039	109
2040	130
2041	119
2042	110
2043	118
2044	135
2045	118
2046	131
2047	183
2048	206
2049	251
2050	360
2051	461
2052	582
2053	700
2054	700
2055	650
2056	513
2057	402
2058	293
2059	191
2060	163
2061	152
2062	122
2063	104
2064	103
2065	96
2066	135
2067	120
2068	103
2069	112
2070	110
2071	120
2072	135
2073	102
2074	118
2075	130
2076	128
2077	142
2078	144
2079	147
2080	146
2081	113
2082	113
2083	116
2084	107
2085	112
2086	122
2087	110
2088	110
2089	98
2090	121
2091	128
2092	106
2093	121
2094	112
2095	97
2096	116
2097	92
2098	112
2099	125
2100	102
2101	131
2102	121
2103	120
2104	115
2105	116
2106	110
2107	116
2108	115
2109	129
2110	131
2111	98
2112	82
2113	111
2114	102
2115	106
2116	104
2117	118
2118	124
2119	115
2120	102
2121	102
2122	132
2123	142
2124	124
2125	101
2126	116
2127	126
2128	122
2129	115
2130	133
2131	132
2132	123
2133	104
2134	103
2135	105
2136	112
2137	109
2138	109
2139	104
2140	115
2141	114
2142	110
2143	118
2144	104
2145	115
2146	124
2147	118
2148	115
2149	124
2150	102
2151	107
2152	113
2153	122
2154	114
2155	113
2156	102
2157	117
2158	133
2159	129
2160	107
2161	112
2162	104
2163	124
2164	120
2165	100
2166	80
2167	97
2168	100
2169	112
2170	107
2171	100
2172	134
2173	123
2174	96
2175	127
2176	108
2177	98
2178	102
2179	105
2180	122
2181	128
2182	135
2183	104
2184	86
2185	115
2186	112
2187	115
2188	102
2189	119
2190	111
2191	114
2192	124
2193	116
2194	117
2195	103
2196	106
2197	115
2198	108
2199	109
2200	120
2201	102
2202	108
2203	117
2204	125
2205	110
2206	98
2207	130
2208	123
2209	104
2210	112
2211	149
2212	154
2213	187
2214	238
2215	339
2216	456
2217	595
2218	719
2219	843
2220	808
2221	758
2222	561
2223	446
2224	290
2225	239
2226	182
2227	144
2228	133
2229	136
2230	108
2231	104
2232	128
2233	111
2234	104
2235	113
2236	103
2237	105
2238	99
2239	93
2240	102
2241	109
2242	90
2243	126
2244	103
2245	113
2246	114
2247	118
2248	123
2249	89
2250	89
2251	122
2252	99
2253	103
2254	96
2255	127
2256	116
2257	122
2258	114
2259	97
2260	97
2261	95
2262	102
2263	104
2264	115
2265	87
2266	99
2267	140
2268	120
2269	104
2270	103
2271	117
2272	107
2273	116
2274	120
2275	113
2276	101
2277	103
2278	90
2279	114
2280	118
2281	130
2282	103
2283	108
2284	113
2285	87
2286	115
2287	106
2288	127
2289	106
2290	107
2291	109
2292	121
2293	115
2294	104
2295	129
2296	116
2297	101
2298	118
2299	106
2300	125
2301	105
2302	120
2303	112
2304	121
2305	116
2306	107
2307	102
2308	104
2309	101
2310	104
2311	129
2312	105
2313	117
2314	102
2315	118
2316	102
2317	104
2318	134
2319	108
2320	100
2321	117
2322	110
2323	114
2324	105
2325	118
2326	122
2327	92
2328	90
2329	102
2330	129
2331	104
2332	114
2333	93
2334	127
2335	105
2336	98
2337	126
2338	111
2339	114
2340	96
2341	103
2342	109
2343	112
2344	92
2345	78
2346	92
2347	127
2348	121
2349	97
2350	101
2351	110
2352	86
2353	112
2354	92
2355	101
2356	111
2357	129
2358	115
2359	90
2360	96
2361	125
2362	105
2363	117
2364	105
2365	112
2366	120
2367	117
2368	103
2369	112
2370	114
2371	96
2372	104
2373	115
2374	98
2375	107
2376	118
2377	109
2378	108
2379	106
2380	104
2381	108
2382	103
2383	121
2384	114
2385	93
2386	123
2387	100
2388	95
2389	95
2390	94
2391	96
2392	93
2393	94
2394	96
2395	100
2396	98
2397	98
2398	89
2399	94
2400	100
2401	114
2402	112
2403	88
2404	91
2405	133
2406	100
2407	107
2408	132
2409	124
2410	106
2411	111
2412	91
2413	123
2414	126
2415	121
2416	111
2417	124
2418	99
2419	96
2420	98
2421	124
2422	87
2423	121
2424	97
2425	128
2426	92
2427	108
2428	118
2429	92
2430	86
2431	113
2432	115
2433	107
2434	106
2435	104
2436	108
2437	118
2438	112
2439	116
2440	125
2441	140
2442	157
2443	190
2444	168
2445	181
2446	178
2447	190
2448	156
2449	119
2450	119
2451	129
2452	125
2453	93
2454	104
2455	108
2456	105
2457	130
2458	101
2459	104
2460	103
2461	95
2462	100
2463	108
2464	95
2465	115
2466	103
2467	123
2468	115
2469	95
2470	109
2471	111
2472	108
2473	108
2474	114
2475	95
2476	110
2477	126
2478	99
2479	110
2480	116
2481	104
2482	94
2483	93
2484	114
2485	102
2486	124
2487	83
2488	107
2489	103
2490	102
2491	117
2492	97
2493	108
2494	119
2495	104
2496	115
2497	92
2498	87
2499	109
2500	99
2501	113
2502	110
2503	100
2504	117
2505	118
2506	121
2507	117
2508	117
2509	83
2510	98
2511	94
2512	90
2513	103
2514	117
2515	99
2516	124
2517	99
2518	121
2519	124
2520	120
2521	123
2522	129
2523	97
2524	104
2525	110
2526	106
2527	104
2528	106
2529	100
2530	102
2531	105
2532	129
2533	108
2534	109
2535	115
2536	75
2537	106
2538	101
2539	99
2540	103
2541	97
2542	96
2543	107
2544	111
2545	108
2546	111
2547	113
2548	108
2549	118
2550	126
2551	137
2552	134
2553	132
2554	131
2555	128
2556	150
2557	147
2558	143
2559	149
2560	176
2561	160
2562	121
2563	111
2564	127
2565	118
2566	129
2567	100
2568	110
2569	107
2570	101
2571	114
2572	91
2573	120
2574	106
2575	91
2576	101
2577	103
2578	111
2579	112
2580	103
2581	103
2582	110
2583	101
2584	115
2585	98
2586	93
2587	94
2588	99
2589	99
2590	120
2591	88
2592	99
2593	108
2594	98
2595	101
2596	105
2597	97
2598	106
2599	107
2600	116
2601	129
2602	121
2603	101
2604	105
2605	109
2606	120
2607	104
2608	108
2609	88
2610	98
2611	103
2612	97
2613	98
2614	99
2615	110
2616	95
2617	104
2618	106
2619	104
2620	95
2621	102
2622	97
2623	117
2624	126
2625	108
2626	125
2627	94
2628	112
2629	83
2630	116
2631	88
2632	106
2633	92
2634	99
2635	90
2636	109
2637	112
2638	90
2639	106
2640	91
2641	111
2642	107
2643	88
2644	102
2645	112
2646	97
2647	96
2648	105
2649	84
2650	97
2651	103
2652	95
2653	94
2654	99
2655	110
2656	98
2657	120
2658	89
2659	95
2660	87
2661	114
2662	86
2663	98
2664	104
2665	101
2666	97
2667	104
2668	100
2669	96
2670	111
2671	103
2672	114
2673	114
2674	128
2675	114
2676	108
2677	101
2678	91
2679	103
2680	103
2681	95
2682	134
2683	77
2684	104
2685	69
2686	94
2687	98
2688	102
2689	97
2690	103
2691	106
2692	111
2693	99
2694	91
2695	118
2696	92
2697	107
2698	91
2699	91
2700	108
2701	81
2702	101
2703	104
2704	107
2705	102
2706	102
2707	96
2708	93
2709	109
2710	116
2711	89
2712	94
2713	118
2714	101
2715	106
2716	102
2717	91
2718	88
2719	108
2720	97
2721	100
2722	93
2723	112
2724	117
2725	102
2726	91
2727	92
2728	112
2729	93
2730	120
2731	97
2732	113
2733	94
2734	114
2735	117
2736	100
2737	107
2738	103
2739	97
2740	113
2741	104
2742	97
2743	110
2744	103
2745	90
2746	99
2747	96
2748	90
2749	118
2750	95
2751	97
2752	91
2753	74
2754	105
2755	108
2756	103
2757	102
2758	102
2759	90
2760	104
2761	113
2762	92
2763	93
2764	92
2765	106
2766	102
2767	110
2768	98
2769	97
2770	97
2771	130
2772	110
2773	121
2774	95
2775	100
2776	88
2777	94
2778	101
2779	80
2780	109
2781	91
2782	113
2783	84
2784	96
2785	106
2786	123
2787	92
2788	105
2789	109
2790	119
2791	97
2792	95
2793	125
2794	99
2795	123
2796	115
2797	84
2798	98
2799	112
2800	90
2801	107
2802	103
2803	101
2804	106
2805	99
2806	112
2807	104
2808	118
2809	103
2810	101
2811	122
2812	91
2813	111
2814	107
2815	102
2816	109
2817	101
2818	120
2819	113
2820	113
2821	162
2822	157
2823	150
2824	168
2825	186
2826	163
2827	158
2828	160
2829	150
2830	125
2831	122
2832	108
2833	125
2834	121
2835	101
2836	118
2837	122
2838	108
2839	102
2840	113
2841	137
2842	111
2843	104
2844	100
2845	92
2846	93
2847	110
2848	98
2849	86
2850	96
2851	96
2852	77
2853	104
2854	101
2855	105
2856	109
2857	93
2858	110
2859	111
2860	120
2861	117
2862	110
2863	95
2864	107
2865	103
2866	96
2867	117
2868	98
2869	108
2870	115
2871	109
2872	99
2873	105
2874	98
2875	84
2876	99
2877	88
2878	110
2879	105
2880	96
2881	118
2882	86
2883	109
2884	107
2885	104
2886	108
2887	90
2888	107
2889	96
2890	111
2891	115
2892	118
2893	97
2894	90
2895	105
2896	107
2897	97
2898	97
2899	103
2900	123
2901	96
2902	109
2903	95
2904	90
2905	99
2906	97
2907	86
2908	101
2909	99
2910	91
2911	118
2912	96
2913	93
2914	87
2915	98
2916	115
2917	106
2918	97
2919	98
2920	96
2921	85
2922	103
2923	98
2924	88
2925	91
2926	100
2927	77
2928	93
2929	109
2930	106
2931	110
2932	105
2933	108
2934	130
2935	151
2936	145
2937	179
2938	152
2939	135
2940	172
2941	130
2942	133
2943	100
2944	105
2945	91
2946	111
2947	85
2948	96
2949	99
2950	87
2951	87
2952	93
2953	90
2954	97
2955	86
2956	82
2957	86
2958	90
2959	77
2960	86
2961	92
2962	105
2963	82
2964	104
2965	92
2966	102
2967	83
2968	110
2969	78
2970	86
2971	84
2972	83
2973	79
2974	78
2975	97
2976	97
2977	93
2978	100
2979	93
2980	74
2981	88
2982	74
2983	91
2984	78
2985	77
2986	95
2987	86
2988	78
2989	89
2990	91
2991	79
2992	65
2993	104
2994	76
2995	74
2996	93
2997	102
2998	88
2999	82
3000	88
3001	68
3002	66
3003	73
3004	93
3005	89
3006	82
3007	86
3008	88
3009	93
3010	77
3011	78
3012	84
3013	112
3014	72
3015	85
3016	76
3017	82
3018	67
3019	99
3020	95
3021	85
3022	76
3023	73
3024	83
3025	83
3026	80
3027	70
3028	77
3029	94
3030	75
3031	82
3032	84
3033	76
3034	94
3035	64
3036	93
3037	73
3038	78
3039	86
3040	88
3041	67
3042	79
3043	87
3044	79
3045	77
3046	85
3047	70
3048	74
3049	88
3050	94
3051	68
3052	87
3053	90
3054	83
3055	93
3056	86
3057	85
3058	106
3059	78
3060	85
3061	67
3062	91
3063	79
3064	67
3065	76
3066	74
3067	70
3068	83
3069	81
3070	78
3071	84
3072	90
3073	85
3074	66
3075	93
3076	84
3077	77
3078	93
3079	89
3080	74
3081	96
3082	75
3083	86
3084	92
3085	88
3086	80
3087	87
3088	86
3089	79
3090	75
3091	89
3092	86
3093	68
3094	84
3095	81
3096	66
3097	77
3098	83
3099	93
3100	90
3101	76
3102	66
3103	69
3104	79
3105	75
3106	75
3107	98
3108	66
3109	87
3110	89
3111	77
3112	76
3113	93
3114	74
3115	73
3116	66
3117	77
3118	75
3119	80
3120	88
3121	82
3122	68
3123	83
3124	86
3125	88
3126	79
3127	79
3128	91
3129	82
3130	86
3131	85
3132	86
3133	87
3134	67
3135	74
3136	77
3137	79
3138	86
3139	77
3140	69
3141	67
3142	79
3143	86
3144	80
3145	79
3146	78
3147	89
3148	71
3149	80
3150	84
3151	78
3152	89
3153	74
3154	82
3155	77
3156	85
3157	83
3158	93
3159	75
3160	75
3161	87
3162	92
3163	64
3164	86
3165	81
3166	64
3167	67
3168	83
3169	76
3170	77
3171	66
3172	63
3173	74
3174	66
3175	80
3176	72
3177	78
3178	81
3179	92
3180	75
3181	70
3182	77
3183	89
3184	91
3185	67
3186	83
3187	84
3188	93
3189	80
3190	77
3191	58
3192	74
3193	91
3194	85
3195	76
3196	91
3197	97
3198	83
3199	82
3200	92
3201	63
3202	78
3203	73
3204	74
3205	77
3206	69
3207	77
3208	67
3209	87
3210	72
3211	90
3212	94
3213	79
3214	78
3215	70
3216	82
3217	77
3218	81
3219	73
3220	73
3221	95
3222	82
3223	65
3224	78
3225	77
3226	82
3227	73
3228	70
3229	72
3230	84
3231	78
3232	92
3233	68
3234	84
3235	71
3236	83
3237	96
3238	75
3239	79
3240	73
3241	72
3242	71
3243	77
3244	89
3245	82
3246	83
3247	74
3248	72
3249	83
3250	60
3251	87
3252	80
3253	77
3254	59
3255	91
3256	70
3257	79
3258	71
3259	81
3260	90
3261	82
3262	83
3263	67
3264	83
3265	74
3266	60
3267	86
3268	68
3269	81
3270	71
3271	57
3272	64
3273	83
3274	84
3275	83
3276	66
3277	85
3278	73
3279	86
3280	80
3281	91
3282	75
3283	84
3284	68
3285	94
3286	73
3287	92
3288	110
3289	88
3290	72
3291	82
3292	106
3293	91
3294	99
3295	97
3296	85
3297	78
3298	100
3299	62
3300	79
3301	75
3302	71
3303	85
3304	77
3305	61
3306	68
3307	72
3308	84
3309	79
3310	65
3311	77
3312	69
3313	78
3314	63
3315	74
3316	82
3317	85
3318	92
3319	78
3320	71
3321	83
3322	62
3323	80
3324	71
3325	62
3326	68
3327	78
3328	72
3329	71
3330	72
3331	88
3332	77
3333	70
3334	77
3335	83
3336	77
3337	77
3338	68
3339	84
3340	75
3341	70
3342	74
3343	85
3344	69
3345	72
3346	78
3347	85
3348	78
3349	68
3350	92
3351	87
3352	64
3353	61
3354	68
3355	74
3356	69
3357	81
3358	85
3359	95
3360	70
3361	69
3362	68
3363	79
3364	82
3365	85
3366	70
3367	66
3368	75
3369	78
3370	71
3371	68
3372	85
3373	77
3374	77
3375	89
3376	81
3377	86
3378	76
3379	90
3380	87
3381	94
3382	99
3383	87
3384	94
3385	96
3386	85
3387	94
3388	75
3389	74
3390	89
3391	81
3392	71
3393	55
3394	75
3395	79
3396	80
3397	81
3398	93
3399	107
3400	107
3401	125
3402	124
3403	154
3404	116
3405	124
3406	108
3407	96
3408	74
3409	99
3410	76
3411	61
3412	75
3413	79
3414	58
3415	78
3416	78
3417	65
3418	79
3419	79
3420	89
3421	83
3422	70
3423	70
3424	70
3425	72
3426	70
3427	77
3428	83
3429	89
3430	82
3431	67
3432	77
3433	77
3434	83
3435	69
3436	79
3437	89
3438	79
3439	70
3440	64
3441	73
3442	71
3443	77
3444	69
3445	71
3446	85
3447	97
3448	102
3449	98
3450	107
3451	129
3452	140
3453	169
3454	178
3455	163
3456	152
3457	141
3458	95
3459	100
3460	108
3461	76
3462	63
3463	83
3464	71
3465	85
3466	76
3467	75
3468	73
3469	87
3470	72
3471	81
3472	75
3473	86
3474	73
3475	73
3476	79
3477	62
3478	64
3479	77
3480	75
3481	71
3482	77
3483	91
3484	87
3485	73
3486	76
3487	70
3488	76
3489	84
3490	60
3491	83
3492	75
3493	73
3494	62
3495	70
3496	71
3497	76
3498	67
3499	76
3500	72
3501	77
3502	71
3503	79
3504	78
3505	75
3506	67
3507	76
3508	84
3509	76
3510	75
3511	75
3512	60
3513	78
3514	63
3515	75
3516	63
3517	63
3518	65
3519	82
3520	78
3521	80
3522	84
3523	62
3524	82
3525	67
3526	67
3527	78
3528	81
3529	70
3530	81
3531	80
3532	84
3533	78
3534	72
3535	70
3536	71
3537	59
3538	65
3539	83
3540	78
3541	69
3542	68
3543	63
3544	63
3545	81
3546	92
3547	49
3548	77
3549	61
3550	71
3551	62
3552	75
3553	68
3554	64
3555	67
3556	57
3557	83
3558	69
3559	77
3560	77
3561	55
3562	77
3563	75
3564	72
3565	83
3566	60
3567	81
3568	72
3569	70
3570	84
3571	87
3572	73
3573	77
3574	87
3575	78
3576	103
3577	80
3578	75
3579	64
3580	81
3581	76
3582	81
3583	82
3584	82
3585	58
3586	70
3587	64
3588	75
3589	79
3590	66
3591	82
3592	73
3593	88
3594	73
3595	66
3596	76
3597	71
3598	71
3599	73
3600	65
3601	74
3602	86
3603	79
3604	81
3605	77
3606	117
3607	113
3608	111
3609	109
3610	118
3611	105
3612	97
3613	98
3614	84
3615	76
3616	88
3617	73
3618	75
3619	82
3620	69
3621	89
3622	90
3623	85
3624	79
3625	93
3626	70
3627	73
3628	75
3629	83
3630	88
3631	89
3632	102
3633	91
3634	79
3635	86
3636	66
3637	76
3638	55
3639	72
3640	84
3641	56
3642	87
3643	85
3644	67
3645	64
3646	70
3647	69
3648	61
3649	68
3650	78
3651	62
3652	81
3653	80
3654	74
3655	82
3656	64
3657	77
3658	84
3659	80
3660	64
3661	70
3662	93
3663	75
3664	70
3665	77
3666	77
3667	105
3668	57
3669	74
3670	73
3671	82
3672	70
3673	80
3674	66
3675	83
3676	91
3677	82
3678	69
3679	80
3680	65
3681	66
3682	83
3683	66
3684	77
3685	67
3686	90
3687	76
3688	55
3689	82
3690	80
3691	82
3692	79
3693	82
3694	69
3695	84
3696	81
3697	62
3698	56
3699	78
3700	75
3701	78
3702	84
3703	67
3704	66
3705	74
3706	88
3707	72
3708	79
3709	49
3710	76
3711	65
3712	75
3713	65
3714	70
3715	83
3716	70
3717	76
3718	57
3719	78
3720	71
3721	55
3722	79
3723	86
3724	74
3725	65
3726	62
3727	81
3728	67
3729	72
3730	79
3731	77
3732	85
3733	69
3734	73
3735	64
3736	86
3737	79
3738	72
3739	73
3740	80
3741	83
3742	83
3743	85
3744	65
3745	76
3746	84
3747	82
3748	80
3749	77
3750	74
3751	71
3752	68
3753	75
3754	83
3755	66
3756	66
3757	91
3758	80
3759	75
3760	69
3761	74
3762	69
3763	65
3764	63
3765	75
3766	77
3767	68
3768	77
3769	66
3770	82
3771	66
3772	86
3773	74
3774	73
3775	67
3776	71
3777	71
3778	56
3779	76
3780	66
3781	71
3782	61
3783	69
3784	80
3785	72
3786	87
3787	56
3788	73
3789	73
3790	95
3791	69
3792	86
3793	91
3794	82
3795	69
3796	86
3797	82
3798	82
3799	73
3800	83
3801	71
3802	88
3803	85
3804	79
3805	73
3806	77
3807	60
3808	76
3809	74
3810	78
3811	67
3812	69
3813	70
3814	79
3815	76
3816	77
3817	74
3818	80
3819	73
3820	88
3821	60
3822	74
3823	58
3824	68
3825	71
3826	69
3827	62
3828	53
3829	76
3830	69
3831	65
3832	60
3833	61
3834	71
3835	67
3836	86
3837	79
3838	88
3839	96
3840	77
3841	90
3842	91
3843	98
3844	64
3845	76
3846	81
3847	47
3848	78
3849	74
3850	61
3851	72
3852	54
3853	66
3854	77
3855	62
3856	75
3857	64
3858	73
3859	82
3860	92
3861	73
3862	83
3863	76
3864	70
3865	65
3866	62
3867	80
3868	59
3869	71
3870	69
3871	66
3872	54
3873	56
3874	49
3875	59
3876	68
3877	76
3878	71
3879	60
3880	62
3881	67
3882	65
3883	83
3884	52
3885	82
3886	70
3887	62
3888	81
3889	66
3890	57
3891	56
3892	67
3893	58
3894	64
3895	67
3896	83
3897	82
3898	105
3899	127
3900	118
3901	168
3902	244
3903	314
3904	466
3905	643
3906	844
3907	1019
3908	1206
3909	1327
3910	1414
3911	1308
3912	1134
3913	894
3914	713
3915	478
3916	284
3917	173
3918	160
3919	120
3920	90
3921	88
3922	77
3923	78
3924	76
3925	68
3926	53
3927	75
3928	79
3929	87
3930	80
3931	76
3932	58
3933	61
3934	77
3935	57
3936	62
3937	70
3938	61
3939	64
3940	73
3941	54
3942	53
3943	66
3944	52
3945	51
3946	63
3947	51
3948	46
3949	55
3950	71
3951	71
3952	66
3953	62
3954	59
3955	72
3956	67
3957	64
3958	66
3959	59
3960	55
3961	65
3962	56
3963	50
3964	61
3965	65
3966	59
3967	63
3968	58
3969	60
3970	52
3971	69
3972	47
3973	53
3974	67
3975	57
3976	54
3977	54
3978	56
3979	58
3980	51
3981	59
3982	53
3983	68
3984	64
3985	59
3986	74
3987	66
3988	63
3989	61
3990	75
3991	49
3992	58
3993	68
3994	59
3995	49
3996	62
3997	53
3998	42
3999	40
4000	60
4001	59
4002	56
4003	57
4004	72
4005	70
4006	73
4007	54
4008	55
4009	66
4010	53
4011	61
4012	58
4013	53
4014	49
4015	72
4016	50
4017	54
4018	61
4019	64
4020	50
4021	62
4022	47
4023	60
4024	65
4025	55
4026	58
4027	52
4028	57
4029	54
4030	49
4031	61
4032	63
4033	65
4034	55
4035	54
4036	57
4037	57
4038	60
4039	45
4040	63
4041	52
4042	54
4043	73
4044	59
4045	71
4046	52
4047	51
4048	65
4049	59
4050	63
4051	49
4052	47
4053	50
4054	49
4055	50
4056	61
4057	64
4058	64
4059	64
4060	65
4061	74
4062	65
4063	73
4064	65
4065	65
4066	88
4067	88
4068	106
4069	107
4070	82
4071	82
4072	74
4073	73
4074	65
4075	60
4076	65
4077	52
4078	67
4079	50
4080	71
4081	68
4082	64
4083	67
4084	59
4085	53
4086	59
4087	59
4088	54
4089	55
4090	59
4091	68
4092	60
4093	71
4094	65
4095	60
4096	51
4097	55
4098	63
4099	50
4100	52
4101	62
4102	53
4103	54
4104	54
4105	61
4106	53
4107	57
4108	61
4109	61
4110	60
4111	51
4112	58
4113	60
4114	61
4115	66
4116	49
4117	63
4118	50
4119	69
4120	44
4121	55
4122	75
4123	64
4124	53
4125	55
4126	62
4127	67
4128	64
4129	53
4130	48
4131	50
4132	50
4133	50
4134	55
4135	47
4136	62
4137	65
4138	60
4139	45
4140	46
4141	61
4142	62
4143	58
4144	52
4145	59
4146	53
4147	63
4148	50
4149	60
4150	50
4151	59
4152	59
4153	51
4154	55
4155	59
4156	56
4157	53
4158	50
4159	63
4160	59
4161	61
4162	62
4163	61
4164	52
4165	51
4166	53
4167	53
4168	57
4169	45
4170	64
4171	55
4172	53
4173	51
4174	42
4175	50
4176	56
4177	53
4178	51
4179	54
4180	55
4181	37
4182	53
4183	70
4184	66
4185	73
4186	60
4187	65
4188	45
4189	61
4190	71
4191	44
4192	54
4193	43
4194	58
4195	51
4196	53
4197	63
4198	62
4199	48
4200	54
4201	44
4202	63
4203	61
4204	62
4205	62
4206	65
4207	63
4208	69
4209	52
4210	63
4211	66
4212	55
4213	59
4214	69
4215	59
4216	61
4217	53
4218	73
4219	69
4220	57
4221	56
4222	66
4223	63
4224	66
4225	79
4226	79
4227	58
4228	71
4229	59
4230	65
4231	66
4232	75
4233	56
4234	54
4235	51
4236	66
4237	59
4238	68
4239	40
4240	48
4241	51
4242	57
4243	61
4244	64
4245	61
4246	54
4247	61
4248	54
4249	55
4250	54
4251	63
4252	60
4253	53
4254	63
4255	70
4256	53
4257	49
4258	49
4259	43
4260	52
4261	63
4262	70
4263	69
4264	55
4265	51
4266	67
4267	59
4268	63
4269	52
4270	55
4271	66
4272	54
4273	60
4274	56
4275	57
4276	61
4277	44
4278	60
4279	46
4280	56
4281	56
4282	63
4283	58
4284	61
4285	59
4286	67
4287	78
4288	65
4289	54
4290	66
4291	74
4292	57
4293	53
4294	42
4295	67
4296	70
4297	51
4298	52
4299	41
4300	54
4301	64
4302	67
4303	63
4304	52
4305	70
4306	69
4307	56
4308	60
4309	51
4310	62
4311	79
4312	36
4313	42
4314	57
4315	75
4316	47
4317	63
4318	69
4319	51
4320	65
4321	65
4322	53
4323	63
4324	60
4325	50
4326	51
4327	69
4328	73
4329	60
4330	57
4331	71
4332	57
4333	67
4334	50
4335	56
4336	47
4337	59
4338	65
4339	81
4340	55
4341	83
4342	53
4343	72
4344	68
4345	77
4346	77
4347	73
4348	108
4349	108
4350	162
4351	169
4352	245
4353	291
4354	347
4355	380
4356	452
4357	453
4358	459
4359	404
4360	326
4361	229
4362	207
4363	133
4364	87
4365	80
4366	87
4367	82
4368	66
4369	74
4370	65
4371	64
4372	67
4373	63
4374	65
4375	67
4376	61
4377	55
4378	63
4379	60
4380	44
4381	72
4382	59
4383	70
4384	58
4385	63
4386	75
4387	76
4388	74
4389	62
4390	60
4391	56
4392	51
4393	75
4394	76
4395	52
4396	49
4397	64
4398	61
4399	54
4400	65
4401	59
4402	58
4403	58
4404	52
4405	47
4406	46
4407	59
4408	65
4409	58
4410	45
4411	59
4412	46
4413	59
4414	60
4415	48
4416	59
4417	54
4418	64
4419	51
4420	68
4421	60
4422	55
4423	69
4424	59
4425	50
4426	64
4427	59
4428	64
4429	62
4430	55
4431	74
4432	42
4433	52
4434	54
4435	36
4436	50
4437	49
4438	64
4439	44
4440	55
4441	39
4442	56
4443	47
4444	49
4445	53
4446	51
4447	45
4448	61
4449	49
4450	71
4451	57
4452	57
4453	67
4454	53
4455	55
4456	41
4457	53
4458	56
4459	56
4460	60
4461	58
4462	51
4463	49
4464	42
4465	59
4466	56
4467	57
4468	59
4469	47
4470	51
4471	60
4472	62
4473	59
4474	35
4475	59
4476	56
4477	58
4478	51
4479	50
4480	62
4481	53
4482	53
4483	48
4484	51
4485	58
4486	42
4487	63
4488	46
4489	67
4490	54
4491	46
4492	48
4493	48
4494	63
4495	45
4496	50
4497	59
4498	49
4499	54
4500	41
4501	61
4502	47
4503	55
4504	49
4505	54
4506	51
4507	69
4508	56
4509	54
4510	48
4511	68
4512	50
4513	45
4514	61
4515	48
4516	44
4517	53
4518	62
4519	50
4520	54
4521	51
4522	49
4523	53
4524	45
4525	62
4526	74
4527	48
4528	54
4529	54
4530	44
4531	72
4532	46
4533	39
4534	57
4535	47
4536	41
4537	52
4538	44
4539	38
4540	57
4541	41
4542	32
4543	52
4544	35
4545	40
4546	42
4547	50
4548	56
4549	43
4550	50
4551	45
4552	43
4553	49
4554	45
4555	46
4556	39
4557	49
4558	52
4559	46
4560	43
4561	43
4562	53
4563	45
4564	34
4565	38
4566	41
4567	41
4568	32
4569	43
4570	46
4571	38
4572	30
4573	30
4574	28
4575	46
4576	56
4577	39
4578	54
4579	42
4580	40
4581	49
4582	29
4583	49
4584	46
4585	43
4586	32
4587	42
4588	49
4589	42
4590	47
4591	52
4592	40
4593	33
4594	40
4595	38
4596	28
4597	39
4598	39
4599	42
4600	55
4601	31
4602	42
4603	46
4604	44
4605	47
4606	47
4607	31
4608	27
4609	35
4610	56
4611	39
4612	50
4613	46
4614	35
4615	61
4616	61
4617	67
4618	74
4619	74
4620	76
4621	78
4622	51
4623	68
4624	45
4625	52
4626	44
4627	36
4628	43
4629	49
4630	36
4631	54
4632	34
4633	43
4634	43
4635	42
4636	44
4637	32
4638	48
4639	42
4640	43
4641	33
4642	44
4643	40
4644	55
4645	38
4646	42
4647	46
4648	46
4649	55
4650	46
4651	64
4652	72
4653	56
4654	59
4655	59
4656	61
4657	50
4658	55
4659	51
4660	56
4661	37
4662	48
4663	33
4664	39
4665	49
4666	45
4667	30
4668	29
4669	38
4670	41
4671	47
4672	54
4673	45
4674	40
4675	52
4676	39
4677	43
4678	37
4679	35
4680	44
4681	39
4682	42
4683	49
4684	38
4685	40
4686	30
4687	41
4688	32
4689	40
4690	39
4691	39
4692	42
4693	36
4694	42
4695	37
4696	36
4697	29
4698	35
4699	35
4700	39
4701	56
4702	39
4703	39
4704	32
4705	24
4706	39
4707	43
4708	43
4709	32
4710	34
4711	43
4712	36
4713	26
4714	38
4715	37
4716	30
4717	32
4718	44
4719	38
4720	45
4721	23
4722	33
4723	40
4724	27
4725	36
4726	40
4727	39
4728	42
4729	34
4730	48
4731	39
4732	33
4733	31
4734	31
4735	28
4736	42
4737	29
4738	43
4739	42
4740	36
4741	28
4742	44
4743	36
4744	32
4745	34
4746	31
4747	31
4748	34
4749	38
4750	39
4751	31
4752	28
4753	39
4754	28
4755	51
4756	32
4757	42
4758	31
4759	34
4760	46
4761	41
4762	47
4763	30
4764	31
4765	33
4766	35
4767	40
4768	40
4769	39
4770	41
4771	36
4772	33
4773	40
4774	30
4775	30
4776	34
4777	33
4778	39
4779	33
4780	38
4781	23
4782	41
4783	30
4784	29
4785	33
4786	31
4787	26
4788	30
4789	30
4790	40
4791	43
4792	39
4793	31
4794	33
4795	36
4796	31
4797	43
4798	33
4799	36
4800	40
4801	33
4802	37
4803	35
4804	35
4805	31
4806	35
4807	48
4808	31
4809	39
4810	34
4811	37
4812	32
4813	45
4814	39
4815	44
4816	45
4817	33
4818	37
4819	45
4820	46
4821	30
4822	41
4823	40
4824	28
4825	36
4826	63
4827	29
4828	44
4829	45
4830	47
4831	64
4832	61
4833	87
4834	79
4835	121
4836	122
4837	205
4838	297
4839	347
4840	485
4841	630
4842	788
4843	947
4844	1081
4845	1147
4846	1139
4847	999
4848	898
4849	715
4850	516
4851	394
4852	276
4853	161
4854	95
4855	86
4856	59
4857	50
4858	50
4859	47
4860	48
4861	45
4862	36
4863	46
4864	33
4865	35
4866	40
4867	36
4868	29
4869	34
4870	25
4871	35
4872	32
4873	28
4874	27
4875	27
4876	29
4877	41
4878	33
4879	32
4880	31
4881	38
4882	36
4883	40
4884	36
4885	30
4886	27
4887	30
4888	19
4889	35
4890	14
4891	31
4892	28
4893	31
4894	25
4895	35
4896	18
4897	25
4898	28
4899	32
4900	29
4901	40
4902	35
4903	36
4904	44
4905	29
4906	33
4907	32
4908	34
4909	25
4910	28
4911	36
4912	26
4913	28
4914	33
4915	25
4916	33
4917	31
4918	33
4919	30
4920	30
4921	35
4922	25
4923	28
4924	25
4925	32
4926	35
4927	38
4928	29
4929	30
4930	42
4931	41
4932	32
4933	31
4934	27
4935	25
4936	31
4937	31
4938	29
4939	24
4940	19
4941	31
4942	32
4943	29
4944	25
4945	31
4946	29
4947	29
4948	20
4949	37
4950	34
4951	31
4952	29
4953	33
4954	33
4955	25
4956	16
4957	33
4958	31
4959	25
4960	36
4961	35
4962	42
4963	19
4964	26
4965	33
4966	27
4967	26
4968	31
4969	23
4970	23
4971	30
4972	41
4973	20
4974	38
4975	33
4976	25
4977	28
4978	29
4979	27
4980	41
4981	33
4982	28
4983	25
4984	27
4985	30
4986	31
4987	33
4988	29
4989	35
4990	27
4991	32
4992	39
4993	18
4994	21
4995	20
4996	33
4997	32
4998	25
4999	27
5000	29
5001	28
5002	36
5003	34
5004	36
5005	26
5006	36
5007	28
5008	41
5009	31
5010	26
5011	27
5012	24
5013	19
5014	28
5015	30
5016	31
5017	27
5018	23
5019	26
5020	36
5021	21
5022	23
5023	22
5024	25
5025	22
5026	31
5027	28
5028	17
5029	30
5030	30
5031	17
5032	24
5033	29
5034	29
5035	25
5036	37
5037	15
5038	29
5039	22
5040	34
5041	39
5042	33
5043	44
5044	39
5045	35
5046	50
5047	49
5048	39
5049	65
5050	71
5051	55
5052	90
5053	68
5054	67
5055	73
5056	68
5057	63
5058	41
5059	57
5060	30
5061	34
5062	33
5063	25
5064	29
5065	28
5066	35
5067	29
5068	24
5069	28
5070	30
5071	25
5072	18
5073	26
5074	20
5075	29
5076	31
5077	26
5078	27
5079	24
5080	31
5081	26
5082	24
5083	25
5084	27
5085	23
5086	22
5087	28
5088	32
5089	20
5090	25
5091	32
5092	36
5093	20
5094	21
5095	20
5096	26
5097	23
5098	19
5099	24
5100	21
5101	27
5102	26
5103	29
5104	32
5105	24
5106	39
5107	23
5108	26
5109	23
5110	32
5111	32
5112	28
5113	34
5114	28
5115	23
5116	31
5117	28
5118	21
5119	27
5120	22
5121	31
5122	30
5123	24
5124	17
5125	26
5126	23
5127	26
5128	20
5129	32
5130	21
5131	27
5132	22
5133	28
5134	22
5135	19
5136	28
5137	29
5138	33
5139	20
5140	18
5141	18
5142	24
5143	28
5144	30
5145	22
5146	26
5147	20
5148	27
5149	20
5150	26
5151	17
5152	34
5153	23
5154	20
5155	31
5156	26
5157	24
5158	23
5159	33
5160	27
5161	24
5162	22
5163	14
5164	37
5165	29
5166	26
5167	36
5168	22
5169	16
5170	26
5171	27
5172	22
5173	18
5174	21
5175	23
5176	21
5177	27
5178	30
5179	21
5180	33
5181	18
5182	26
5183	25
5184	28
5185	28
5186	29
5187	14
5188	33
5189	27
5190	28
5191	19
5192	24
5193	24
5194	24
5195	17
5196	24
5197	21
5198	22
5199	33
5200	26
5201	31
5202	18
5203	24
5204	30
5205	22
5206	19
5207	19
5208	27
5209	28
5210	30
5211	19
5212	21
5213	23
5214	30
5215	28
5216	35
5217	28
5218	28
5219	21
5220	22
5221	26
5222	25
5223	22
5224	26
5225	20
5226	22
5227	22
5228	22
5229	28
5230	18
5231	23
5232	19
5233	24
5234	20
5235	20
5236	24
5237	28
5238	29
5239	19
5240	32
5241	33
5242	24
5243	26
5244	24
5245	26
5246	24
5247	30
5248	20
5249	18
5250	21
5251	24
5252	25
5253	32
5254	31
5255	24
5256	19
5257	34
5258	25
5259	26
5260	22
5261	25
5262	24
5263	26
5264	26
5265	15
5266	29
5267	28
5268	27
5269	30
5270	22
5271	28
5272	29
5273	20
5274	31
5275	25
5276	27
5277	39
5278	22
5279	21
5280	31
5281	29
5282	22
5283	22
5284	32
5285	21
5286	26
5287	18
5288	28
5289	20
5290	24
5291	23
5292	15
5293	31
5294	22
5295	24
5296	24
5297	28
5298	35
5299	26
5300	22
5301	24
5302	19
5303	26
5304	29
5305	23
5306	25
5307	27
5308	37
5309	20
5310	20
5311	24
5312	17
5313	31
5314	19
5315	26
5316	27
5317	25
5318	29
5319	26
5320	31
5321	26
5322	37
5323	17
5324	30
5325	22
5326	27
5327	26
5328	27
5329	21
5330	18
5331	21
5332	21
5333	23
5334	29
5335	25
5336	18
5337	21
5338	25
5339	14
5340	18
5341	24
5342	23
5343	29
5344	28
5345	28
5346	16
5347	17
5348	28
5349	23
5350	28
5351	31
5352	26
5353	24
5354	26
5355	16
5356	26
5357	29
5358	30
5359	24
5360	24
5361	25
5362	31
5363	20
5364	27
5365	35
5366	31
5367	27
5368	27
5369	25
5370	32
5371	31
5372	27
5373	24
5374	25
5375	29
5376	30
5377	19
5378	14
5379	27
5380	27
5381	25
5382	26
5383	26
5384	22
5385	31
5386	26
5387	25
5388	30
5389	27
5390	24
5391	23
5392	19
5393	23
5394	24
5395	23
5396	34
5397	23
5398	24
5399	21
5400	29
5401	21
5402	27
5403	22
5404	19
5405	24
5406	27
5407	24
5408	22
5409	22
5410	22
5411	19
5412	24
5413	32
5414	30
5415	18
5416	26
5417	21
5418	34
5419	20
5420	36
5421	24
5422	33
5423	18
5424	22
5425	28
5426	32
5427	17
5428	21
5429	38
5430	24
5431	27
5432	19
5433	25
5434	28
5435	27
5436	29
5437	29
5438	19
5439	34
5440	26
5441	26
5442	29
5443	25
5444	32
5445	36
5446	39
5447	41
5448	53
5449	56
5450	77
5451	100
5452	141
5453	182
5454	260
5455	300
5456	413
5457	483
5458	581
5459	662
5460	689
5461	652
5462	606
5463	535
5464	485
5465	410
5466	276
5467	202
5468	128
5469	104
5470	68
5471	61
5472	69
5473	62
5474	85
5475	94
5476	117
5477	119
5478	115
5479	131
5480	126
5481	113
5482	121
5483	114
5484	93
5485	88
5486	62
5487	47
5488	37
5489	42
5490	32
5491	27
5492	22
5493	33
5494	23
5495	26
5496	22
5497	21
5498	29
5499	13
5500	29
5501	27
5502	28
5503	24
5504	31
5505	26
5506	27
5507	19
5508	25
5509	24
5510	22
5511	19
5512	25
5513	25
5514	21
5515	25
5516	36
5517	17
5518	25
5519	21
5520	27
5521	30
5522	30
5523	18
5524	33
5525	34
5526	25
5527	21
5528	20
5529	22
5530	31
5531	22
5532	26
5533	25
5534	23
5535	31
5536	26
5537	29
5538	21
5539	20
5540	15
5541	31
5542	26
5543	27
5544	32
5545	21
5546	27
5547	27
5548	32
5549	19
5550	34
5551	26
5552	26
5553	19
5554	24
5555	30
5556	17
5557	25
5558	21
5559	24
5560	22
5561	22
5562	30
5563	19
5564	26
5565	21
5566	31
5567	30
5568	21
5569	27
5570	32
5571	37
5572	32
5573	36
5574	40
5575	41
5576	46
5577	44
5578	49
5579	64
5580	79
5581	75
5582	98
5583	123
5584	156
5585	206
5586	241
5587	355
5588	476
5589	567
5590	700
5591	784
5592	852
5593	875
5594	908
5595	769
5596	663
5597	490
5598	413
5599	325
5600	193
5601	131
5602	85
5603	65
5604	36
5605	39
5606	42
5607	37
5608	32
5609	37
5610	32
5611	29
5612	29
5613	22
5614	33
5615	31
5616	31
5617	22
5618	26
5619	20
5620	24
5621	17
5622	20
5623	26
5624	22
5625	21
5626	25
5627	29
5628	28
5629	17
5630	26
5631	19
5632	22
5633	25
5634	13
5635	23
5636	24
5637	22
5638	26
5639	20
5640	14
5641	22
5642	37
5643	34
5644	19
5645	26
5646	30
5647	28
5648	34
5649	22
5650	22
5651	33
5652	24
5653	26
5654	21
5655	20
5656	24
5657	28
5658	26
5659	30
5660	29
5661	29
5662	28
5663	33
5664	26
5665	27
5666	22
5667	32
5668	24
5669	23
5670	25
5671	16
5672	16
5673	26
5674	33
5675	19
5676	28
5677	28
5678	21
5679	24
5680	25
5681	31
5682	21
5683	37
5684	27
5685	20
5686	23
5687	28
5688	22
5689	22
5690	19
5691	20
5692	25
5693	25
5694	27
5695	26
5696	22
5697	15
5698	32
5699	22
5700	25
5701	24
5702	27
5703	26
5704	26
5705	24
5706	26
5707	28
5708	21
5709	30
5710	25
5711	17
5712	24
5713	19
5714	27
5715	24
5716	26
5717	29
5718	25
5719	36
5720	17
5721	27
5722	25
5723	40
5724	17
5725	26
5726	22
5727	22
5728	24
5729	17
5730	17
5731	21
5732	21
5733	23
5734	21
5735	18
5736	37
5737	18
5738	22
5739	15
5740	27
5741	28
5742	26
5743	20
5744	15
5745	27
5746	25
5747	20
5748	36
5749	26
5750	24
5751	21
5752	32
5753	24
5754	26
5755	26
5756	16
5757	15
5758	31
5759	32
5760	23
5761	25
5762	26
5763	29
5764	29
5765	33
5766	31
5767	26
5768	26
5769	18
5770	32
5771	23
5772	24
5773	24
5774	14
5775	15
5776	34
5777	30
5778	29
5779	26
5780	40
5781	26
5782	17
5783	22
5784	20
5785	19
5786	23
5787	24
5788	25
5789	18
5790	25
5791	25
5792	40
5793	28
5794	23
5795	23
5796	19
5797	15
5798	28
5799	28
5800	25
5801	30
5802	22
5803	26
5804	24
5805	27
5806	43
5807	27
5808	22
5809	20
5810	36
5811	21
5812	33
5813	30
5814	24
5815	28
5816	19
5817	17
5818	30
5819	27
5820	26
5821	21
5822	28
5823	29
5824	31
5825	24
5826	18
5827	19
5828	24
5829	20
5830	24
5831	22
5832	36
5833	38
5834	25
5835	28
5836	24
5837	34
5838	16
5839	29
5840	33
5841	37
5842	30
5843	24
5844	26
5845	19
5846	21
5847	30
5848	24
5849	24
5850	28
5851	22
5852	27
5853	37
5854	25
5855	28
5856	31
5857	10
5858	32
5859	28
5860	16
5861	22
5862	22
5863	23
5864	33
5865	24
5866	23
5867	24
5868	22
5869	27
5870	39
5871	28
5872	29
5873	24
5874	24
5875	32
5876	29
5877	20
5878	15
5879	33
5880	20
5881	30
5882	31
5883	26
5884	33
5885	31
5886	23
5887	26
5888	28
5889	25
5890	24
5891	36
5892	26
5893	28
5894	29
5895	34
5896	16
5897	30
5898	31
5899	38
5900	28
5901	28
5902	31
5903	23
5904	22
5905	21
5906	28
5907	27
5908	31
5909	29
5910	21
5911	29
5912	27
5913	20
5914	34
5915	37
5916	24
5917	38
5918	29
5919	26
5920	31
5921	25
5922	32
5923	29
5924	24
5925	27
5926	31
5927	23
5928	29
5929	25
5930	19
5931	21
5932	29
5933	29
5934	30
5935	27
5936	28
5937	28
5938	30
5939	22
5940	25
5941	40
5942	35
5943	21
5944	28
5945	26
5946	23
5947	28
5948	34
5949	27
5950	21
5951	25
5952	22
5953	26
5954	41
5955	29
5956	24
5957	31
5958	20
5959	32
5960	34
5961	30
5962	29
5963	21
5964	14
5965	25
5966	28
5967	26
5968	27
5969	30
5970	19
5971	30
5972	38
5973	23
5974	27
5975	31
5976	26
5977	22
5978	23
5979	20
5980	24
5981	25
5982	27
5983	27
5984	29
5985	27
5986	19
5987	23
5988	21
5989	23
5990	19
5991	27
5992	21
5993	33
5994	18
5995	25
5996	20
5997	21
5998	20
5999	25
6000	24
6001	29
6002	19
6003	32
6004	20
6005	21
6006	13
6007	25
6008	19
6009	19
6010	24
6011	25
6012	16
6013	18
6014	15
6015	23
6016	21
6017	26
6018	20
6019	22
6020	16
6021	21
6022	18
6023	16
6024	18
6025	23
6026	15
6027	23
6028	18
6029	20
6030	19
6031	20
6032	19
6033	11
6034	26
6035	20
6036	20
6037	22
6038	19
6039	16
6040	17
6041	20
6042	19
6043	18
6044	15
6045	22
6046	15
6047	21
6048	16
6049	14
6050	17
6051	21
6052	18
6053	19
6054	22
6055	15
6056	27
6057	24
6058	17
6059	22
6060	16
6061	10
6062	12
6063	19
6064	20
6065	18
6066	16
6067	23
6068	10
6069	21
6070	15
6071	28
6072	11
6073	16
6074	15
6075	25
6076	20
6077	18
6078	17
6079	23
6080	17
6081	15
6082	12
6083	16
6084	19
6085	19
6086	14
6087	19
6088	15
6089	17
6090	22
6091	18
6092	25
6093	28
6094	33
6095	44
6096	45
6097	56
6098	72
6099	82
6100	93
6101	86
6102	107
6103	94
6104	98
6105	70
6106	54
6107	50
6108	41
6109	38
6110	28
6111	26
6112	14
6113	14
6114	19
6115	11
6116	25
6117	12
6118	18
6119	16
6120	8
6121	16
6122	24
6123	19
6124	18
6125	13
6126	19
6127	20
6128	18
6129	16
6130	16
6131	9
6132	17
6133	14
6134	16
6135	11
6136	14
6137	17
6138	18
6139	13
6140	18
6141	17
6142	18
6143	14
6144	10
6145	12
6146	19
6147	13
6148	19
6149	12
6150	15
6151	21
6152	15
6153	13
6154	13
6155	21
6156	9
6157	13
6158	11
6159	20
6160	10
6161	12
6162	11
6163	10
6164	19
6165	16
6166	16
6167	16
6168	15
6169	10
6170	14
6171	15
6172	10
6173	13
6174	17
6175	16
6176	17
6177	15
6178	14
6179	6
6180	17
6181	17
6182	11
6183	15
6184	19
6185	13
6186	12
6187	19
6188	11
6189	13
6190	14
6191	14
6192	13
6193	12
6194	5
6195	15
6196	23
6197	8
6198	17
6199	11
6200	9
6201	8
6202	11
6203	16
6204	12
6205	15
6206	11
6207	20
6208	15
6209	14
6210	15
6211	14
6212	11
6213	12
6214	15
6215	12
6216	16
6217	17
6218	13
6219	16
6220	11
6221	18
6222	9
6223	10
6224	12
6225	10
6226	15
6227	6
6228	9
6229	8
6230	15
6231	12
6232	14
6233	10
6234	12
6235	7
6236	3
6237	8
6238	8
6239	9
6240	11
6241	17
6242	13
6243	9
6244	11
6245	16
6246	11
6247	13
6248	14
6249	11
6250	15
6251	8
6252	11
6253	14
6254	20
6255	11
6256	12
6257	10
6258	11
6259	11
6260	13
6261	12
6262	11
6263	9
6264	10
6265	9
6266	11
6267	15
6268	8
6269	19
6270	13
6271	9
6272	18
6273	9
6274	19
6275	8
6276	11
6277	16
6278	8
6279	17
6280	17
6281	12
6282	21
6283	12
6284	20
6285	19
6286	18
6287	15
6288	24
6289	26
6290	18
6291	15
6292	14
6293	8
6294	11
6295	12
6296	12
6297	12
6298	9
6299	13
6300	12
6301	13
6302	13
6303	12
6304	11
6305	11
6306	9
6307	9
6308	13
6309	19
6310	7
6311	10
6312	8
6313	12
6314	13
6315	9
6316	9
6317	10
6318	6
6319	7
6320	12
6321	14
6322	6
6323	7
6324	9
6325	11
6326	10
6327	11
6328	7
6329	6
6330	9
6331	7
6332	11
6333	14
6334	14
6335	16
6336	7
6337	6
6338	8
6339	14
6340	5
6341	12
6342	12
6343	16
6344	14
6345	11
6346	5
6347	11
6348	14
6349	16
6350	11
6351	15
6352	12
6353	16
6354	4
6355	15
6356	10
6357	6
6358	15
6359	13
6360	13
6361	6
6362	16
6363	6
6364	11
6365	8
6366	6
6367	8
6368	15
6369	11
6370	4
6371	10
6372	14
6373	10
6374	11
6375	12
6376	9
6377	9
6378	7
6379	10
6380	8
6381	14
6382	13
6383	6
6384	8
6385	13
6386	9
6387	10
6388	9
6389	10
6390	5
6391	10
6392	7
6393	7
6394	12
6395	14
6396	16
6397	16
6398	6
6399	6
6400	9
6401	12
6402	11
6403	9
6404	8
6405	10
6406	10
6407	16
6408	22
6409	20
6410	18
6411	26
6412	24
6413	21
6414	28
6415	21
6416	20
6417	17
6418	18
6419	17
6420	17
6421	14
6422	13
6423	8
6424	9
6425	6
6426	11
6427	11
6428	9
6429	9
6430	12
6431	5
6432	4
6433	8
6434	9
6435	8
6436	10
6437	6
6438	9
6439	9
6440	8
6441	8
6442	11
6443	6
6444	9
6445	11
6446	4
6447	9
6448	13
6449	6
6450	3
6451	6
6452	6
6453	10
6454	8
6455	10
6456	9
6457	4
6458	7
6459	16
6460	8
6461	13
6462	9
6463	5
6464	11
6465	7
6466	9
6467	8
6468	5
6469	5
6470	8
6471	9
6472	9
6473	10
6474	14
6475	6
6476	9
6477	8
6478	10
6479	6
6480	7
6481	4
6482	10
6483	8
6484	4
6485	9
6486	12
6487	3
6488	12
6489	10
6490	6
6491	7
6492	10
6493	12
6494	4
6495	14
6496	7
6497	12
6498	4
6499	8
6500	12
6501	11
6502	12
6503	10
6504	11
6505	5
6506	13
6507	10
6508	14
6509	10
6510	11
6511	15
6512	8
6513	4
6514	7
6515	5
6516	5
6517	9
6518	11
6519	5
6520	7
6521	6
6522	19
6523	10
6524	13
6525	9
6526	18
6527	17
6528	20
6529	36
6530	33
6531	38
6532	49
6533	62
6534	86
6535	78
6536	83
6537	94
6538	83
6539	73
6540	78
6541	55
6542	51
6543	36
6544	26
6545	15
6546	18
6547	14
6548	5
6549	5
6550	9
6551	10
6552	3
6553	7
6554	4
6555	6
6556	5
6557	7
6558	4
6559	6
6560	4
6561	9
6562	9
6563	6
6564	11
6565	6
6566	5
6567	8
6568	10
6569	5
6570	6
6571	5
6572	8
6573	9
6574	5
6575	6
6576	9
6577	4
6578	10
6579	2
6580	7
6581	6
6582	3
6583	9
6584	7
6585	5
6586	11
6587	8
6588	5
6589	4
6590	6
6591	4
6592	1
6593	13
6594	7
6595	2
6596	3
6597	5
6598	6
6599	8
6600	6
6601	2
6602	2
6603	5
6604	8
6605	4
6606	7
6607	6
6608	3
6609	5
6610	9
6611	5
6612	2
6613	11
6614	4
6615	2
6616	4
6617	6
6618	7
6619	9
6620	4
6621	3
6622	7
6623	5
6624	4
6625	8
6626	2
6627	2
6628	6
6629	1
6630	3
6631	8
6632	2
6633	7
6634	4
6635	3
6636	1
6637	6
6638	9
6639	6
6640	5
6641	5
6642	2
6643	3
6644	5
6645	5
6646	4
6647	6
6648	4
6649	2
6650	6
6651	3
6652	0
6653	5
6654	6
6655	6
6656	4
6657	3
6658	4
6659	1
6660	3
6661	6
6662	3
6663	3
6664	3
6665	4
6666	4
6667	5
6668	5
6669	7
6670	3
6671	6
6672	3
6673	7
6674	6
6675	6
6676	8
6677	2
6678	4
6679	8
6680	6
6681	5
6682	5
6683	4
6684	8
6685	5
6686	7
6687	6
6688	2
6689	4
6690	2
6691	8
6692	3
6693	2
6694	4
6695	3
6696	8
6697	1
6698	4
6699	2
6700	0
6701	3
6702	5
6703	1
6704	5
6705	4
6706	3
6707	1
6708	6
6709	5
6710	2
6711	8
6712	4
6713	3
6714	1
6715	3
6716	6
6717	7
6718	4
6719	7
6720	4
6721	2
6722	2
6723	7
6724	3
6725	5
6726	5
6727	2
6728	2
6729	5
6730	5
6731	1
6732	7
6733	4
6734	5
6735	4
6736	2
6737	5
6738	6
6739	5
6740	7
6741	7
6742	2
6743	6
6744	4
6745	6
6746	1
6747	4
6748	6
6749	1
6750	4
6751	1
6752	5
6753	3
6754	3
6755	4
6756	6
6757	1
6758	1
6759	5
6760	3
6761	5
6762	4
6763	2
6764	2
6765	4
6766	3
6767	4
6768	2
6769	1
6770	4
6771	4
6772	4
6773	6
6774	6
6775	7
6776	8
6777	7
6778	0
6779	5
6780	5
6781	3
6782	3
6783	4
6784	6
6785	2
6786	0
6787	8
6788	6
6789	4
6790	1
6791	2
6792	3
6793	4
6794	2
6795	6
6796	3
6797	2
6798	6
6799	6
6800	3
6801	2
6802	6
6803	2
6804	8
6805	6
6806	1
6807	1
6808	3
6809	2
6810	0
6811	7
6812	2
6813	7
6814	7
6815	8
6816	2
6817	6
6818	5
6819	2
6820	6
6821	1
6822	2
6823	5
6824	2
6825	4
6826	1
6827	4
6828	3
6829	4
6830	6
6831	5
6832	4
6833	4
6834	10
6835	8
6836	5
6837	4
6838	8
6839	5
6840	3
6841	4
6842	2
6843	2
6844	2
6845	2
6846	3
6847	3
6848	7
6849	5
6850	3
6851	4
6852	2
6853	4
6854	5
6855	7
6856	5
6857	2
6858	3
6859	6
6860	9
6861	7
6862	2
6863	8
6864	2
6865	8
6866	1
6867	2
6868	4
6869	3
6870	4
6871	2
6872	2
6873	3
6874	4
6875	3
6876	6
6877	2
6878	3
6879	4
6880	1
6881	5
6882	4
6883	2
6884	3
6885	1
6886	4
6887	7
6888	1
6889	4
6890	5
6891	0
6892	4
6893	1
6894	4
6895	1
6896	1
6897	1
6898	1
6899	1
6900	1
6901	3
6902	4
6903	1
6904	1
6905	7
6906	2
6907	3
6908	8
6909	5
6910	1
6911	4
6912	3
6913	1
6914	2
6915	6
6916	1
6917	0
6918	3
6919	3
6920	4
6921	0
6922	4
6923	5
6924	1
6925	5
6926	5
6927	4
6928	5
6929	2
6930	2
6931	5
6932	6
6933	4
6934	8
6935	4
6936	2
6937	3
6938	3
6939	4
6940	2
6941	4
6942	7
6943	6
6944	6
6945	2
6946	3
6947	2
6948	5
6949	1
6950	3
6951	4
6952	5
6953	3
6954	8
6955	3
6956	3
6957	4
6958	2
6959	7
6960	4
6961	4
6962	4
6963	2
6964	4
6965	6
6966	5
6967	3
6968	3
6969	2
6970	1
6971	2
6972	2
6973	9
6974	3
6975	4
6976	0
6977	4
6978	4
6979	2
6980	2
6981	4
6982	3
6983	1
6984	7
6985	1
6986	2
6987	5
6988	6
6989	6
6990	5
6991	3
6992	3
6993	1
6994	2
6995	2
6996	4
6997	4
6998	3
6999	6
7000	9
7001	4
7002	6
7003	4
7004	5
7005	2
7006	5
7007	4
7008	0
7009	1
7010	0
7011	2
7012	3
7013	6
7014	6
7015	3
7016	2
7017	3
7018	1
7019	3
7020	6
7021	5
7022	3
7023	3
7024	2
7025	0
7026	2
7027	4
7028	5
7029	5
7030	4
7031	2
7032	4
7033	2
7034	4
7035	5
7036	6
7037	1
7038	1
7039	3
7040	6
7041	5
7042	7
7043	4
7044	7
7045	5
7046	3
7047	4
7048	6
7049	5
7050	5
7051	5
7052	6
7053	2
7054	4
7055	8
7056	8
7057	8
7058	9
7059	11
7060	9
7061	8
7062	8
7063	7
7064	10
7065	12
7066	17
7067	18
7068	27
7069	21
7070	21
7071	37
7072	21
7073	39
7074	65
7075	88
7076	128
7077	145
7078	196
7079	260
7080	363
7081	416
7082	539
7083	672
7084	780
7085	812
7086	927
7087	948
7088	924
7089	841
7090	734
7091	629
7092	483
7093	319
7094	265
7095	154
7096	113
7097	79
7098	49
7099	35
7100	20
7101	15
7102	9
7103	12
7104	7
7105	9
7106	6
7107	3
7108	5
7109	4
7110	8
7111	7
7112	5
7113	3
7114	2
7115	3
7116	5
7117	4
7118	6
7119	6
7120	9
7121	3
7122	3
7123	4
7124	3
7125	3
7126	0
7127	1
7128	1
7129	3
7130	2
7131	4
7132	5
7133	4
7134	5
7135	0
7136	0
7137	4
7138	4
7139	4
7140	6
7141	1
7142	0
7143	2
7144	0
7145	1
7146	1
7147	3
7148	0
7149	3
7150	4
7151	4
7152	1
7153	1
7154	2
7155	2
7156	1
7157	2
7158	1
7159	2
7160	0
7161	1
7162	2
7163	1
7164	0
7165	1
7166	2
7167	1
7168	1
7169	1
7170	2
7171	0
7172	0
7173	0
7174	1
7175	0
7176	3
7177	1
7178	1
7179	0
7180	2
7181	1
7182	2
7183	0
7184	1
7185	1
7186	2
7187	0
7188	2
7189	2
7190	0
7191	1
7192	1
7193	1
7194	0
7195	1
7196	0
7197	2
7198	2
7199	2
7200	1
7201	0
7202	0
7203	0
7204	1
7205	3
7206	0
7207	0
7208	2
7209	0
7210	0
7211	1
7212	2
7213	0
7214	3
7215	2
7216	0
7217	1
7218	1
7219	0
7220	5
7221	3
7222	0
7223	2
7224	1
7225	2
7226	0
7227	1
7228	3
7229	0
7230	0
7231	0
7232	0
7233	1
7234	0
7235	1
7236	2
7237	0
7238	2
7239	1
7240	2
7241	0
7242	0
7243	0
7244	0
7245	2
7246	1
7247	0
7248	0
7249	0
7250	3
7251	0
7252	3
7253	1
7254	1
7255	3
7256	1
7257	1
7258	0
7259	2
7260	1
7261	1
7262	1
7263	1
7264	2
7265	1
7266	1
7267	1
7268	0
7269	0
7270	0
7271	0
7272	1
7273	3
7274	0
7275	0
7276	0
7277	1
7278	1
7279	1
7280	0
7281	1
7282	0
7283	1
7284	1
7285	0
7286	1
7287	0
7288	0
7289	1
7290	3
7291	0
7292	0
7293	0
7294	0
7295	2
7296	1
7297	2
7298	1
7299	0
7300	1
7301	0
7302	0
7303	0
7304	2
7305	0
7306	1
7307	2
7308	0
7309	2
7310	3
7311	0
7312	0
7313	1
7314	2
7315	0
7316	0
7317	0
7318	0
7319	0
7320	0
7321	0
7322	2
7323	1
7324	0
7325	3
7326	6
7327	4
7328	3
7329	4
7330	10
7331	10
7332	20
7333	13
7334	21
7335	22
7336	20
7337	29
7338	16
7339	19
7340	26
7341	23
7342	16
7343	8
7344	9
7345	8
7346	6
7347	4
7348	3
7349	3
7350	3
7351	2
7352	1
7353	1
7354	2
7355	1
7356	2
7357	2
7358	1
7359	0
7360	2
7361	1
7362	0
7363	0
7364	1
7365	0
7366	1
7367	0
7368	0
7369	0
7370	1
7371	1
7372	1
7373	1
7374	0
7375	0
7376	2
7377	1
7378	2
7379	2
7380	0
7381	0
7382	0
7383	0
7384	0
7385	1
7386	0
7387	0
7388	1
7389	4
7390	0
7391	3
7392	2
7393	0
7394	0
7395	0
7396	0
7397	0
7398	1
7399	1
7400	0
7401	0
7402	1
7403	0
7404	3
7405	0
7406	0
7407	0
7408	1
7409	3
7410	0
7411	0
7412	1
7413	0
7414	1
7415	3
7416	1
7417	0
7418	0
7419	1
7420	3
7421	0
7422	1
7423	0
7424	1
7425	1
7426	0
7427	0
7428	1
7429	0
7430	1
7431	1
7432	0
7433	0
7434	1
7435	1
7436	1
7437	0
7438	0
7439	1
7440	1
7441	0
7442	0
7443	0
7444	0
7445	0
7446	1
7447	1
7448	0
7449	0
7450	0
7451	0
7452	1
7453	1
7454	0
7455	0
7456	0
7457	0
7458	0
7459	0
7460	0
7461	0
7462	1
7463	1
7464	0
7465	2
7466	0
7467	1
7468	0
7469	2
7470	0
7471	1
7472	1
7473	0
7474	0
7475	1
7476	0
7477	0
7478	0
7479	0
7480	1
7481	0
7482	0
7483	0
7484	1
7485	1
7486	2
7487	1
7488	0
7489	0
7490	0
7491	1
7492	1
7493	2
7494	0
7495	1
7496	3
7497	0
7498	0
7499	0
7500	1
7501	0
7502	0
7503	2
7504	0
7505	1
7506	1
7507	0
7508	0
7509	1
7510	1
7511	3
7512	0
7513	2
7514	0
7515	1
7516	1
7517	1
7518	0
7519	2
7520	0
7521	0
7522	0
7523	0
7524	0
7525	0
7526	0
7527	0
7528	1
7529	1
7530	0
7531	0
7532	2
7533	0
7534	1
7535	1
7536	0
7537	0
7538	1
7539	1
7540	0
7541	0
7542	0
7543	0
7544	0
7545	1
7546	1
7547	1
7548	0
7549	0
7550	1
7551	1
7552	2
7553	0
7554	0
7555	0
7556	0
7557	1
7558	0
7559	0
7560	0
7561	1
7562	1
7563	1
7564	0
7565	0
7566	1
7567	0
7568	1
7569	0
7570	1
7571	1
7572	0
7573	0
7574	0
7575	0
7576	0
7577	0
7578	0
7579	1
7580	0
7581	0
7582	0
7583	0
7584	1
7585	0
7586	0
7587	1
7588	0
7589	1
7590	1
7591	0
7592	0
7593	1
7594	0
7595	0
7596	0
7597	0
7598	1
7599	2
7600	0
7601	2
7602	1
7603	1
7604	1
7605	0
7606	0
7607	0
7608	0
7609	1
7610	1
7611	1
7612	1
7613	0
7614	0
7615	0
7616	0
7617	1
7618	1
7619	0
7620	1
7621	0
7622	0
7623	0
7624	0
7625	0
7626	0
7627	2
7628	0
7629	1
7630	1
7631	0
7632	2
7633	0
7634	0
7635	0
7636	0
7637	0
7638	1
7639	1
7640	0
7641	0
7642	1
7643	1
7644	0
7645	0
7646	0
7647	0
7648	1
7649	0
7650	0
7651	1
7652	0
7653	0
7654	2
7655	1
7656	0
7657	1
7658	0
7659	2
7660	0
7661	0
7662	0
7663	0
7664	0
7665	1
7666	1
7667	1
7668	0
7669	2
7670	3
7671	0
7672	2
7673	1
7674	0
7675	0
7676	1
7677	1
7678	1
7679	1
7680	4
7681	0
7682	0
7683	2
7684	4
7685	5
7686	10
7687	9
7688	14
7689	15
7690	8
7691	8
7692	7
7693	11
7694	22
7695	7
7696	5
7697	6
7698	1
7699	8
7700	1
7701	1
7702	2
7703	1
7704	0
7705	0
7706	1
7707	0
7708	1
7709	1
7710	0
7711	0
7712	0
7713	0
7714	1
7715	0
7716	1
7717	1
7718	0
7719	0
7720	0
7721	0
7722	0
7723	0
7724	1
7725	0
7726	0
7727	0
7728	0
7729	0
7730	1
7731	0
7732	0
7733	0
7734	0
7735	0
7736	0
7737	0
7738	0
7739	0
7740	0
7741	0
7742	0
7743	0
7744	0
7745	0
7746	1
7747	0
7748	0
7749	0
7750	0
7751	1
7752	3
7753	0
7754	0
7755	0
7756	1
7757	0
7758	0
7759	0
7760	0
7761	0
7762	1
7763	0
7764	1
7765	0
7766	0
7767	0
7768	0
7769	1
7770	0
7771	0
7772	1
7773	0
7774	0
7775	0
7776	0
7777	0
7778	0
7779	0
7780	0
7781	0
7782	0
7783	0
7784	0
7785	0
7786	1
7787	0
7788	0
7789	0
7790	0
7791	0
7792	0
7793	0
7794	0
7795	2
7796	0
7797	1
7798	0
7799	1
7800	1
7801	0
7802	0
7803	0
7804	0
7805	0
7806	1
7807	1
7808	1
7809	0
7810	1
7811	0
7812	0
7813	0
7814	1
7815	0
7816	0
7817	1
7818	0
7819	2
7820	0
7821	0
7822	1
7823	0
7824	0
7825	0
7826	1
7827	0
7828	0
7829	0
7830	0
7831	0
7832	0
7833	0
7834	0
7835	0
7836	1
7837	0
7838	0
7839	0
7840	0
7841	0
7842	0
7843	0
7844	0
7845	0
7846	0
7847	0
7848	2
7849	0
7850	0
7851	0
7852	0
7853	0
7854	0
7855	1
7856	0
7857	0
7858	0
7859	0
7860	0
7861	0
7862	0
7863	0
7864	0
7865	1
7866	1
7867	0
7868	1
7869	0
7870	0
7871	0
7872	0
7873	0
7874	0
7875	0
7876	0
7877	0
7878	1
7879	0
7880	0
7881	0
7882	1
7883	0
7884	0
7885	0
7886	0
7887	0
7888	2
7889	0
7890	0
7891	0
7892	0
7893	1
7894	1
7895	1
7896	0
7897	1
7898	0
7899	0
7900	0
7901	0
7902	1
7903	0
7904	0
7905	0
7906	0
7907	0
7908	0
7909	0
7910	0
7911	0
7912	0
7913	0
7914	0
7915	1
7916	0
7917	0
7918	0
7919	0
7920	0
7921	0
7922	0
7923	1
7924	0
7925	1
7926	0
7927	0
7928	1
7929	0
7930	0
7931	1
7932	0
7933	0
7934	0
7935	0
7936	0
7937	0
7938	0
7939	0
7940	1
7941	1
7942	0
7943	0
7944	0
7945	0
7946	1
7947	1
7948	0
7949	0
7950	0
7951	0
7952	0
7953	0
7954	0
7955	1
7956	0
7957	2
7958	2
7959	0
7960	0
7961	1
7962	0
7963	0
7964	0
7965	0
7966	0
7967	0
7968	0
7969	0
7970	0
7971	1
7972	1
7973	0
7974	0
7975	0
7976	0
7977	0
7978	0
7979	0
7980	0
7981	1
7982	0
7983	0
7984	0
7985	0
7986	0
7987	0
7988	1
7989	0
7990	0
7991	0
7992	0
7993	0
7994	0
7995	0
7996	0
7997	1
7998	0
7999	0
8000	0
8001	1
8002	0
8003	0
8004	1
8005	0
8006	1
8007	0
8008	0
8009	0
8010	0
8011	0
8012	0
8013	2
8014	0
8015	0
8016	1
8017	0
8018	0
8019	0
8020	0
8021	0
8022	0
8023	0
8024	0
8025	0
8026	1
8027	0
8028	0
8029	0
8030	0
8031	1
8032	0
8033	0
8034	0
8035	1
8036	1
8037	0
8038	1
8039	2
8040	0
8041	0
8042	1
8043	1
8044	0
8045	0
8046	0
8047	0
8048	2
8049	0
8050	0
8051	0
8052	0
8053	0
8054	0
8055	1
8056	0
8057	0
8058	1
8059	0
8060	0
8061	0
8062	0
8063	0
8064	1
8065	0
8066	0
8067	0
8068	0
8069	0
8070	0
8071	0
8072	0
8073	1
8074	1
8075	0
8076	0
8077	0
8078	1
8079	0
8080	0
8081	2
8082	0
8083	0
8084	1
8085	1
8086	0
8087	0
8088	0
8089	0
8090	0
8091	0
8092	0
8093	1
8094	1
8095	0
8096	0
8097	0
8098	0
8099	0
8100	0
8101	0
8102	1
8103	2
8104	0
8105	0
8106	0
8107	1
8108	0
8109	1
8110	0
8111	0
8112	0
8113	0
8114	0
8115	0
8116	0
8117	0
8118	0
8119	0
8120	0
8121	0
8122	0
8123	1
8124	0
8125	0
8126	0
8127	0
8128	0
8129	0
8130	0
8131	0
8132	0
8133	0
8134	1
8135	1
8136	0
8137	0
8138	0
8139	1
8140	1
8141	1
8142	0
8143	0
8144	0
8145	0
8146	0
8147	0
8148	1
8149	0
8150	3
8151	1
8152	0
8153	0
8154	0
8155	0
8156	0
8157	0
8158	0
8159	1
8160	0
8161	0
8162	0
8163	0
8164	0
8165	0
8166	0
8167	1
8168	1
8169	0
8170	0
8171	0
8172	0
8173	0
8174	0
8175	0
8176	0
8177	0
8178	0
8179	0
8180	0
8181	0
8182	0
8183	0
8184	0
8185	0
8186	0
8187	0
8188	0
8189	0
8190	0
8191	0
