0	0
1	0
2	0
3	0
4	0
5	0
6	0
7	0
8	0
9	0
10	0
11	0
12	0
13	0
14	0
15	0
16	0
17	0
18	0
19	0
20	0
21	0
22	0
23	0
24	0
25	0
26	0
27	0
28	0
29	0
30	0
31	0
32	0
33	0
34	0
35	0
36	0
37	0
38	0
39	0
40	0
41	0
42	0
43	0
44	0
45	0
46	0
47	0
48	0
49	0
50	1
51	1
52	2
53	8
54	65
55	290
56	650
57	767
58	728
59	662
60	580
61	499
62	508
63	502
64	492
65	480
66	482
67	459
68	445
69	412
70	424
71	421
72	438
73	457
74	450
75	443
76	446
77	406
78	427
79	412
80	417
81	430
82	408
83	433
84	397
85	413
86	422
87	459
88	408
89	454
90	393
91	412
92	430
93	432
94	441
95	472
96	458
97	397
98	403
99	426
100	427
101	468
102	419
103	394
104	382
105	388
106	400
107	430
108	378
109	363
110	352
111	371
112	364
113	357
114	343
115	339
116	346
117	339
118	363
119	357
120	379
121	348
122	342
123	352
124	334
125	352
126	356
127	338
128	340
129	326
130	340
131	330
132	343
133	337
134	330
135	331
136	338
137	355
138	314
139	324
140	325
141	348
142	319
143	331
144	309
145	341
146	305
147	315
148	312
149	336
150	299
151	296
152	306
153	290
154	317
155	322
156	303
157	310
158	271
159	305
160	337
161	312
162	291
163	334
164	308
165	287
166	295
167	320
168	317
169	308
170	316
171	278
172	277
173	278
174	287
175	269
176	256
177	299
178	268
179	296
180	286
181	292
182	269
183	263
184	267
185	249
186	257
187	270
188	299
189	284
190	295
191	266
192	255
193	282
194	278
195	259
196	265
197	281
198	275
199	251
200	284
201	261
202	237
203	272
204	278
205	281
206	236
207	270
208	251
209	225
210	252
211	284
212	266
213	249
214	261
215	260
216	266
217	298
218	263
219	219
220	244
221	259
222	255
223	240
224	263
225	279
226	238
227	272
228	248
229	218
230	247
231	228
232	241
233	231
234	217
235	252
236	240
237	258
238	218
239	230
240	213
241	269
242	244
243	235
244	244
245	250
246	240
247	245
248	251
249	230
250	233
251	238
252	237
253	218
254	247
255	228
256	236
257	224
258	206
259	230
260	225
261	222
262	248
263	223
264	196
265	219
266	228
267	236
268	222
269	241
270	259
271	270
272	245
273	220
274	225
275	248
276	206
277	246
278	266
279	216
280	220
281	225
282	216
283	208
284	219
285	213
286	215
287	226
288	229
289	169
290	185
291	195
292	213
293	217
294	199
295	182
296	207
297	182
298	220
299	201
300	203
301	206
302	231
303	192
304	196
305	177
306	192
307	204
308	203
309	194
310	199
311	195
312	213
313	196
314	210
315	203
316	247
317	222
318	225
319	204
320	198
321	192
322	220
323	198
324	214
325	209
326	192
327	177
328	196
329	205
330	226
331	188
332	207
333	196
334	194
335	207
336	199
337	195
338	170
339	187
340	198
341	178
342	198
343	249
344	284
345	319
346	311
347	289
348	265
349	241
350	178
351	184
352	177
353	245
354	283
355	365
356	430
357	419
358	383
359	310
360	216
361	189
362	192
363	157
364	180
365	161
366	179
367	147
368	161
369	195
370	178
371	201
372	167
373	162
374	204
375	201
376	146
377	195
378	160
379	174
380	172
381	165
382	175
383	167
384	163
385	193
386	151
387	154
388	182
389	171
390	172
391	200
392	177
393	175
394	175
395	161
396	140
397	184
398	179
399	156
400	185
401	174
402	199
403	233
404	261
405	288
406	270
407	293
408	265
409	230
410	219
411	164
412	158
413	161
414	146
415	186
416	201
417	194
418	209
419	219
420	218
421	179
422	170
423	184
424	159
425	156
426	163
427	152
428	158
429	161
430	156
431	148
432	162
433	155
434	147
435	159
436	161
437	157
438	150
439	137
440	148
441	151
442	155
443	192
444	186
445	167
446	181
447	168
448	165
449	161
450	158
451	158
452	170
453	148
454	132
455	165
456	145
457	166
458	174
459	149
460	154
461	151
462	171
463	142
464	177
465	143
466	130
467	148
468	168
469	133
470	155
471	145
472	166
473	156
474	151
475	155
476	165
477	156
478	140
479	158
480	159
481	148
482	142
483	134
484	157
485	148
486	157
487	139
488	160
489	159
490	160
491	168
492	147
493	156
494	132
495	158
496	155
497	139
498	131
499	167
500	154
501	154
502	141
503	154
504	152
505	125
506	134
507	150
508	136
509	121
510	146
511	134
512	123
513	159
514	163
515	134
516	151
517	133
518	122
519	146
520	158
521	139
522	155
523	159
524	154
525	143
526	143
527	136
528	144
529	135
530	151
531	156
532	135
533	132
534	151
535	133
536	146
537	135
538	158
539	143
540	148
541	161
542	151
543	157
544	139
545	151
546	161
547	167
548	120
549	169
550	142
551	133
552	147
553	143
554	142
555	160
556	146
557	143
558	142
559	130
560	124
561	147
562	130
563	129
564	145
565	135
566	127
567	144
568	108
569	166
570	133
571	114
572	138
573	125
574	137
575	136
576	132
577	137
578	132
579	181
580	143
581	153
582	120
583	128
584	127
585	138
586	134
587	142
588	140
589	146
590	137
591	141
592	173
593	150
594	176
595	170
596	192
597	155
598	146
599	148
600	128
601	156
602	155
603	151
604	135
605	127
606	142
607	155
608	144
609	143
610	128
611	128
612	139
613	144
614	164
615	128
616	129
617	136
618	143
619	150
620	123
621	134
622	132
623	132
624	161
625	138
626	137
627	131
628	162
629	142
630	113
631	117
632	120
633	143
634	165
635	132
636	145
637	111
638	141
639	149
640	119
641	135
642	148
643	143
644	136
645	153
646	148
647	146
648	148
649	135
650	130
651	110
652	112
653	144
654	149
655	135
656	111
657	135
658	139
659	125
660	140
661	141
662	126
663	145
664	123
665	139
666	139
667	147
668	149
669	137
670	154
671	120
672	126
673	146
674	121
675	139
676	128
677	135
678	117
679	128
680	137
681	138
682	154
683	134
684	119
685	142
686	125
687	137
688	124
689	131
690	131
691	149
692	138
693	141
694	110
695	152
696	136
697	133
698	131
699	140
700	126
701	136
702	118
703	133
704	122
705	126
706	113
707	147
708	131
709	126
710	150
711	122
712	141
713	153
714	121
715	124
716	122
717	133
718	121
719	144
720	113
721	127
722	124
723	126
724	149
725	145
726	115
727	116
728	148
729	124
730	143
731	134
732	120
733	123
734	129
735	141
736	118
737	137
738	128
739	99
740	128
741	131
742	119
743	102
744	130
745	114
746	123
747	137
748	126
749	132
750	101
751	126
752	150
753	113
754	125
755	111
756	138
757	152
758	127
759	130
760	123
761	116
762	127
763	132
764	120
765	110
766	130
767	143
768	130
769	122
770	108
771	135
772	131
773	116
774	155
775	134
776	121
777	116
778	135
779	134
780	125
781	134
782	124
783	120
784	149
785	115
786	145
787	103
788	123
789	147
790	128
791	139
792	121
793	147
794	130
795	126
796	185
797	185
798	202
799	229
800	189
801	167
802	157
803	122
804	125
805	129
806	113
807	124
808	130
809	137
810	110
811	143
812	113
813	111
814	118
815	135
816	136
817	114
818	128
819	116
820	124
821	132
822	124
823	122
824	123
825	128
826	127
827	125
828	129
829	105
830	105
831	113
832	123
833	145
834	99
835	111
836	116
837	135
838	124
839	120
840	132
841	123
842	147
843	156
844	123
845	135
846	114
847	114
848	127
849	120
850	122
851	105
852	132
853	130
854	124
855	130
856	138
857	112
858	115
859	115
860	121
861	119
862	133
863	115
864	109
865	132
866	133
867	125
868	127
869	132
870	110
871	108
872	128
873	134
874	124
875	109
876	124
877	124
878	122
879	133
880	118
881	117
882	118
883	108
884	119
885	129
886	113
887	126
888	125
889	119
890	124
891	116
892	136
893	122
894	132
895	132
896	128
897	126
898	115
899	104
900	105
901	113
902	125
903	138
904	134
905	128
906	125
907	112
908	119
909	125
910	127
911	129
912	144
913	121
914	140
915	140
916	163
917	172
918	154
919	138
920	139
921	139
922	105
923	124
924	106
925	107
926	123
927	125
928	122
929	132
930	114
931	124
932	113
933	126
934	108
935	112
936	99
937	112
938	115
939	135
940	123
941	103
942	106
943	105
944	104
945	107
946	114
947	121
948	104
949	111
950	113
951	130
952	113
953	135
954	130
955	122
956	120
957	114
958	109
959	128
960	127
961	122
962	120
963	110
964	114
965	104
966	118
967	141
968	127
969	119
970	122
971	95
972	111
973	116
974	107
975	129
976	102
977	140
978	105
979	132
980	108
981	100
982	113
983	116
984	114
985	118
986	110
987	118
988	110
989	131
990	128
991	98
992	125
993	100
994	98
995	100
996	128
997	93
998	114
999	124
1000	106
1001	111
1002	109
1003	113
1004	104
1005	93
1006	113
1007	105
1008	108
1009	111
1010	103
1011	120
1012	111
1013	98
1014	136
1015	124
1016	120
1017	115
1018	121
1019	110
1020	106
1021	106
1022	119
1023	116
1024	124
1025	106
1026	103
1027	121
1028	113
1029	128
1030	109
1031	118
1032	113
1033	127
1034	133
1035	128
1036	104
1037	114
1038	116
1039	118
1040	114
1041	108
1042	101
1043	102
1044	111
1045	104
1046	102
1047	124
1048	104
1049	117
1050	107
1051	125
1052	110
1053	112
1054	109
1055	111
1056	101
1057	111
1058	108
1059	99
1060	113
1061	103
1062	123
1063	106
1064	116
1065	101
1066	96
1067	106
1068	108
1069	115
1070	98
1071	127
1072	117
1073	102
1074	115
1075	118
1076	119
1077	120
1078	119
1079	117
1080	114
1081	85
1082	127
1083	96
1084	97
1085	94
1086	134
1087	105
1088	97
1089	121
1090	112
1091	116
1092	90
1093	96
1094	125
1095	101
1096	105
1097	106
1098	103
1099	90
1100	90
1101	91
1102	100
1103	120
1104	105
1105	93
1106	121
1107	97
1108	110
1109	107
1110	113
1111	107
1112	107
1113	114
1114	106
1115	106
1116	94
1117	110
1118	101
1119	109
1120	126
1121	113
1122	106
1123	92
1124	106
1125	101
1126	89
1127	134
1128	97
1129	101
1130	113
1131	112
1132	108
1133	85
1134	106
1135	100
1136	113
1137	90
1138	82
1139	97
1140	105
1141	104
1142	108
1143	90
1144	108
1145	96
1146	104
1147	99
1148	111
1149	108
1150	84
1151	108
1152	116
1153	78
1154	108
1155	110
1156	106
1157	107
1158	98
1159	105
1160	94
1161	91
1162	115
1163	102
1164	104
1165	91
1166	103
1167	107
1168	102
1169	119
1170	121
1171	112
1172	98
1173	114
1174	97
1175	87
1176	97
1177	85
1178	111
1179	102
1180	108
1181	119
1182	139
1183	147
1184	149
1185	161
1186	124
1187	125
1188	117
1189	100
1190	98
1191	111
1192	74
1193	117
1194	102
1195	126
1196	106
1197	100
1198	89
1199	112
1200	112
1201	100
1202	88
1203	111
1204	112
1205	78
1206	103
1207	112
1208	94
1209	107
1210	80
1211	96
1212	101
1213	102
1214	93
1215	122
1216	95
1217	106
1218	102
1219	118
1220	119
1221	99
1222	79
1223	100
1224	107
1225	111
1226	88
1227	91
1228	92
1229	96
1230	101
1231	104
1232	95
1233	124
1234	99
1235	103
1236	101
1237	103
1238	85
1239	94
1240	96
1241	91
1242	109
1243	95
1244	108
1245	105
1246	107
1247	99
1248	90
1249	106
1250	102
1251	94
1252	90
1253	90
1254	86
1255	103
1256	128
1257	105
1258	100
1259	99
1260	118
1261	100
1262	94
1263	88
1264	82
1265	91
1266	98
1267	91
1268	92
1269	93
1270	114
1271	96
1272	98
1273	95
1274	101
1275	92
1276	107
1277	93
1278	92
1279	87
1280	98
1281	83
1282	95
1283	99
1284	93
1285	83
1286	90
1287	103
1288	93
1289	79
1290	107
1291	81
1292	85
1293	102
1294	81
1295	86
1296	97
1297	85
1298	90
1299	106
1300	97
1301	92
1302	97
1303	99
1304	103
1305	78
1306	98
1307	111
1308	79
1309	93
1310	83
1311	105
1312	98
1313	80
1314	97
1315	75
1316	86
1317	105
1318	79
1319	73
1320	102
1321	95
1322	86
1323	103
1324	97
1325	90
1326	98
1327	79
1328	76
1329	99
1330	75
1331	94
1332	98
1333	91
1334	81
1335	109
1336	76
1337	78
1338	95
1339	91
1340	106
1341	87
1342	105
1343	105
1344	96
1345	114
1346	82
1347	95
1348	85
1349	89
1350	82
1351	98
1352	88
1353	73
1354	80
1355	102
1356	89
1357	92
1358	88
1359	99
1360	85
1361	74
1362	93
1363	89
1364	91
1365	105
1366	98
1367	83
1368	86
1369	86
1370	80
1371	106
1372	78
1373	89
1374	84
1375	82
1376	107
1377	94
1378	81
1379	98
1380	83
1381	86
1382	98
1383	83
1384	76
1385	78
1386	61
1387	74
1388	111
1389	94
1390	100
1391	100
1392	98
1393	80
1394	71
1395	84
1396	99
1397	76
1398	100
1399	93
1400	94
1401	91
1402	88
1403	70
1404	88
1405	84
1406	92
1407	108
1408	76
1409	98
1410	94
1411	79
1412	90
1413	85
1414	83
1415	97
1416	81
1417	89
1418	76
1419	87
1420	85
1421	78
1422	64
1423	89
1424	93
1425	78
1426	86
1427	67
1428	82
1429	100
1430	72
1431	79
1432	94
1433	76
1434	92
1435	68
1436	95
1437	65
1438	88
1439	81
1440	84
1441	72
1442	86
1443	77
1444	88
1445	88
1446	92
1447	88
1448	74
1449	83
1450	83
1451	96
1452	97
1453	88
1454	69
1455	82
1456	80
1457	93
1458	90
1459	94
1460	88
1461	70
1462	75
1463	91
1464	95
1465	84
1466	87
1467	89
1468	99
1469	102
1470	89
1471	90
1472	96
1473	87
1474	77
1475	95
1476	74
1477	80
1478	95
1479	79
1480	76
1481	93
1482	84
1483	71
1484	69
1485	92
1486	82
1487	95
1488	67
1489	78
1490	96
1491	81
1492	83
1493	87
1494	97
1495	84
1496	71
1497	78
1498	82
1499	70
1500	76
1501	86
1502	78
1503	74
1504	71
1505	78
1506	89
1507	77
1508	83
1509	95
1510	95
1511	94
1512	86
1513	79
1514	85
1515	87
1516	95
1517	79
1518	82
1519	68
1520	75
1521	84
1522	90
1523	68
1524	68
1525	56
1526	85
1527	73
1528	72
1529	78
1530	83
1531	85
1532	77
1533	80
1534	70
1535	91
1536	81
1537	80
1538	65
1539	84
1540	75
1541	76
1542	69
1543	81
1544	81
1545	78
1546	78
1547	87
1548	86
1549	87
1550	93
1551	79
1552	78
1553	71
1554	79
1555	98
1556	78
1557	84
1558	93
1559	94
1560	68
1561	84
1562	68
1563	99
1564	62
1565	74
1566	75
1567	97
1568	69
1569	105
1570	78
1571	70
1572	88
1573	81
1574	90
1575	91
1576	98
1577	63
1578	57
1579	87
1580	80
1581	73
1582	75
1583	70
1584	60
1585	78
1586	86
1587	91
1588	60
1589	96
1590	93
1591	100
1592	88
1593	61
1594	78
1595	81
1596	83
1597	75
1598	74
1599	70
1600	86
1601	78
1602	67
1603	75
1604	73
1605	59
1606	80
1607	80
1608	74
1609	72
1610	80
1611	63
1612	83
1613	64
1614	75
1615	89
1616	86
1617	80
1618	68
1619	66
1620	73
1621	91
1622	79
1623	71
1624	65
1625	81
1626	72
1627	76
1628	60
1629	83
1630	79
1631	79
1632	71
1633	77
1634	98
1635	80
1636	77
1637	64
1638	70
1639	80
1640	64
1641	73
1642	74
1643	89
1644	67
1645	70
1646	69
1647	62
1648	76
1649	87
1650	62
1651	88
1652	73
1653	88
1654	70
1655	87
1656	81
1657	86
1658	71
1659	89
1660	82
1661	76
1662	68
1663	69
1664	77
1665	81
1666	87
1667	71
1668	66
1669	77
1670	81
1671	66
1672	63
1673	73
1674	77
1675	79
1676	82
1677	76
1678	75
1679	75
1680	78
1681	87
1682	76
1683	48
1684	85
1685	75
1686	91
1687	100
1688	88
1689	74
1690	61
1691	74
1692	73
1693	81
1694	71
1695	63
1696	67
1697	79
1698	65
1699	69
1700	73
1701	76
1702	76
1703	70
1704	66
1705	70
1706	62
1707	84
1708	75
1709	65
1710	61
1711	71
1712	76
1713	53
1714	68
1715	61
1716	74
1717	65
1718	83
1719	71
1720	79
1721	70
1722	76
1723	79
1724	73
1725	58
1726	68
1727	58
1728	74
1729	66
1730	72
1731	81
1732	69
1733	65
1734	70
1735	69
1736	73
1737	71
1738	52
1739	66
1740	63
1741	73
1742	72
1743	58
1744	65
1745	78
1746	76
1747	65
1748	61
1749	77
1750	67
1751	72
1752	69
1753	90
1754	110
1755	87
1756	97
1757	77
1758	87
1759	69
1760	79
1761	68
1762	78
1763	67
1764	67
1765	50
1766	59
1767	67
1768	59
1769	68
1770	62
1771	66
1772	60
1773	65
1774	64
1775	59
1776	60
1777	88
1778	59
1779	68
1780	59
1781	64
1782	67
1783	70
1784	70
1785	66
1786	80
1787	66
1788	57
1789	71
1790	64
1791	70
1792	65
1793	76
1794	53
1795	63
1796	57
1797	66
1798	68
1799	60
1800	62
1801	63
1802	64
1803	73
1804	65
1805	72
1806	58
1807	71
1808	74
1809	67
1810	51
1811	60
1812	79
1813	71
1814	78
1815	56
1816	50
1817	86
1818	71
1819	71
1820	61
1821	53
1822	73
1823	69
1824	81
1825	50
1826	67
1827	68
1828	76
1829	62
1830	56
1831	61
1832	59
1833	65
1834	62
1835	65
1836	51
1837	50
1838	58
1839	48
1840	65
1841	58
1842	54
1843	61
1844	66
1845	63
1846	63
1847	62
1848	63
1849	61
1850	61
1851	50
1852	71
1853	60
1854	76
1855	58
1856	65
1857	70
1858	52
1859	71
1860	52
1861	55
1862	60
1863	48
1864	56
1865	61
1866	58
1867	54
1868	54
1869	69
1870	59
1871	46
1872	49
1873	67
1874	79
1875	68
1876	61
1877	71
1878	69
1879	66
1880	75
1881	66
1882	57
1883	67
1884	65
1885	62
1886	72
1887	67
1888	72
1889	62
1890	66
1891	72
1892	51
1893	62
1894	51
1895	61
1896	64
1897	66
1898	74
1899	59
1900	70
1901	51
1902	58
1903	61
1904	54
1905	67
1906	62
1907	51
1908	57
1909	58
1910	55
1911	61
1912	47
1913	63
1914	60
1915	73
1916	54
1917	57
1918	54
1919	61
1920	50
1921	74
1922	50
1923	44
1924	57
1925	58
1926	57
1927	47
1928	48
1929	58
1930	56
1931	79
1932	62
1933	60
1934	50
1935	60
1936	64
1937	63
1938	61
1939	46
1940	50
1941	60
1942	76
1943	59
1944	54
1945	54
1946	50
1947	67
1948	62
1949	60
1950	55
1951	58
1952	44
1953	65
1954	65
1955	49
1956	63
1957	53
1958	52
1959	73
1960	59
1961	60
1962	59
1963	58
1964	61
1965	65
1966	56
1967	66
1968	53
1969	63
1970	63
1971	46
1972	53
1973	56
1974	48
1975	64
1976	56
1977	60
1978	47
1979	59
1980	69
1981	49
1982	65
1983	57
1984	52
1985	55
1986	50
1987	53
1988	40
1989	75
1990	61
1991	52
1992	60
1993	66
1994	60
1995	70
1996	67
1997	48
1998	58
1999	53
2000	71
2001	57
2002	49
2003	61
2004	52
2005	54
2006	62
2007	46
2008	52
2009	65
2010	65
2011	62
2012	55
2013	46
2014	53
2015	52
2016	55
2017	51
2018	66
2019	64
2020	56
2021	57
2022	57
2023	54
2024	61
2025	54
2026	53
2027	59
2028	50
2029	47
2030	64
2031	70
2032	59
2033	54
2034	52
2035	71
2036	54
2037	51
2038	67
2039	51
2040	44
2041	48
2042	52
2043	64
2044	48
2045	61
2046	60
2047	58
2048	50
2049	47
2050	56
2051	64
2052	55
2053	59
2054	58
2055	57
2056	60
2057	47
2058	50
2059	37
2060	42
2061	58
2062	45
2063	72
2064	48
2065	56
2066	42
2067	57
2068	68
2069	58
2070	35
2071	48
2072	66
2073	56
2074	66
2075	36
2076	48
2077	42
2078	48
2079	58
2080	50
2081	49
2082	62
2083	56
2084	51
2085	69
2086	67
2087	49
2088	57
2089	50
2090	49
2091	46
2092	63
2093	62
2094	49
2095	52
2096	50
2097	64
2098	56
2099	52
2100	54
2101	46
2102	56
2103	57
2104	54
2105	59
2106	66
2107	59
2108	62
2109	52
2110	52
2111	55
2112	64
2113	46
2114	63
2115	57
2116	49
2117	50
2118	53
2119	61
2120	50
2121	53
2122	57
2123	49
2124	54
2125	44
2126	42
2127	62
2128	62
2129	49
2130	49
2131	55
2132	59
2133	62
2134	43
2135	61
2136	40
2137	41
2138	50
2139	55
2140	57
2141	50
2142	46
2143	45
2144	53
2145	54
2146	66
2147	53
2148	63
2149	45
2150	53
2151	54
2152	60
2153	60
2154	55
2155	41
2156	56
2157	53
2158	52
2159	46
2160	47
2161	49
2162	52
2163	48
2164	61
2165	49
2166	47
2167	58
2168	49
2169	58
2170	42
2171	47
2172	39
2173	53
2174	55
2175	45
2176	51
2177	59
2178	65
2179	47
2180	52
2181	56
2182	61
2183	44
2184	60
2185	51
2186	50
2187	44
2188	71
2189	47
2190	52
2191	57
2192	55
2193	58
2194	47
2195	71
2196	62
2197	56
2198	62
2199	56
2200	40
2201	62
2202	54
2203	48
2204	48
2205	45
2206	52
2207	60
2208	62
2209	46
2210	52
2211	53
2212	48
2213	54
2214	53
2215	62
2216	47
2217	58
2218	52
2219	42
2220	55
2221	44
2222	44
2223	63
2224	52
2225	44
2226	46
2227	68
2228	50
2229	47
2230	47
2231	55
2232	43
2233	44
2234	54
2235	50
2236	58
2237	49
2238	46
2239	51
2240	51
2241	45
2242	51
2243	47
2244	48
2245	51
2246	44
2247	51
2248	52
2249	43
2250	43
2251	46
2252	32
2253	59
2254	45
2255	65
2256	51
2257	56
2258	43
2259	47
2260	47
2261	62
2262	56
2263	39
2264	52
2265	56
2266	53
2267	52
2268	62
2269	56
2270	49
2271	48
2272	40
2273	47
2274	53
2275	50
2276	43
2277	42
2278	43
2279	35
2280	49
2281	51
2282	54
2283	54
2284	54
2285	45
2286	49
2287	51
2288	52
2289	49
2290	51
2291	55
2292	57
2293	39
2294	59
2295	55
2296	58
2297	55
2298	51
2299	45
2300	40
2301	56
2302	59
2303	52
2304	46
2305	52
2306	54
2307	59
2308	44
2309	42
2310	40
2311	44
2312	53
2313	53
2314	46
2315	41
2316	62
2317	44
2318	47
2319	41
2320	44
2321	55
2322	52
2323	48
2324	52
2325	54
2326	55
2327	52
2328	49
2329	35
2330	68
2331	52
2332	57
2333	44
2334	41
2335	45
2336	54
2337	35
2338	48
2339	50
2340	51
2341	55
2342	49
2343	44
2344	51
2345	46
2346	46
2347	64
2348	59
2349	35
2350	47
2351	40
2352	51
2353	44
2354	44
2355	55
2356	39
2357	50
2358	50
2359	52
2360	46
2361	39
2362	47
2363	45
2364	53
2365	55
2366	49
2367	48
2368	53
2369	51
2370	37
2371	54
2372	46
2373	62
2374	48
2375	43
2376	56
2377	39
2378	60
2379	45
2380	59
2381	52
2382	46
2383	55
2384	39
2385	59
2386	77
2387	70
2388	72
2389	92
2390	83
2391	78
2392	72
2393	72
2394	64
2395	52
2396	45
2397	52
2398	52
2399	43
2400	40
2401	50
2402	57
2403	47
2404	46
2405	63
2406	55
2407	43
2408	41
2409	58
2410	39
2411	50
2412	55
2413	49
2414	51
2415	57
2416	52
2417	44
2418	52
2419	55
2420	60
2421	47
2422	46
2423	41
2424	45
2425	37
2426	63
2427	42
2428	47
2429	53
2430	41
2431	44
2432	45
2433	47
2434	45
2435	52
2436	46
2437	53
2438	45
2439	50
2440	43
2441	51
2442	54
2443	36
2444	47
2445	49
2446	53
2447	48
2448	43
2449	43
2450	50
2451	63
2452	54
2453	46
2454	47
2455	55
2456	50
2457	55
2458	44
2459	44
2460	50
2461	46
2462	39
2463	38
2464	47
2465	55
2466	43
2467	48
2468	39
2469	47
2470	53
2471	44
2472	39
2473	50
2474	45
2475	52
2476	27
2477	41
2478	48
2479	31
2480	40
2481	46
2482	45
2483	46
2484	51
2485	41
2486	57
2487	48
2488	42
2489	38
2490	34
2491	47
2492	38
2493	45
2494	37
2495	42
2496	37
2497	64
2498	46
2499	34
2500	37
2501	51
2502	48
2503	46
2504	49
2505	39
2506	57
2507	45
2508	47
2509	45
2510	62
2511	43
2512	40
2513	50
2514	45
2515	32
2516	50
2517	49
2518	57
2519	45
2520	44
2521	35
2522	39
2523	35
2524	43
2525	41
2526	42
2527	44
2528	31
2529	37
2530	44
2531	46
2532	42
2533	54
2534	41
2535	44
2536	44
2537	36
2538	50
2539	44
2540	40
2541	39
2542	59
2543	55
2544	51
2545	77
2546	63
2547	76
2548	75
2549	94
2550	90
2551	144
2552	138
2553	158
2554	152
2555	192
2556	223
2557	196
2558	277
2559	234
2560	217
2561	195
2562	155
2563	203
2564	158
2565	143
2566	128
2567	107
2568	74
2569	94
2570	82
2571	56
2572	54
2573	54
2574	54
2575	35
2576	61
2577	43
2578	36
2579	53
2580	41
2581	40
2582	33
2583	37
2584	42
2585	45
2586	55
2587	53
2588	39
2589	39
2590	33
2591	49
2592	42
2593	47
2594	53
2595	48
2596	35
2597	43
2598	44
2599	43
2600	34
2601	43
2602	44
2603	41
2604	41
2605	32
2606	54
2607	45
2608	35
2609	34
2610	26
2611	34
2612	35
2613	35
2614	45
2615	37
2616	43
2617	49
2618	33
2619	43
2620	37
2621	40
2622	41
2623	41
2624	36
2625	34
2626	40
2627	47
2628	34
2629	49
2630	44
2631	44
2632	42
2633	38
2634	45
2635	45
2636	53
2637	29
2638	48
2639	53
2640	45
2641	38
2642	43
2643	37
2644	31
2645	40
2646	39
2647	34
2648	35
2649	33
2650	32
2651	34
2652	32
2653	41
2654	44
2655	50
2656	44
2657	43
2658	36
2659	41
2660	38
2661	42
2662	43
2663	43
2664	34
2665	38
2666	43
2667	40
2668	48
2669	41
2670	55
2671	35
2672	40
2673	48
2674	39
2675	44
2676	39
2677	37
2678	34
2679	39
2680	29
2681	32
2682	34
2683	45
2684	34
2685	44
2686	39
2687	47
2688	36
2689	41
2690	38
2691	37
2692	40
2693	50
2694	37
2695	48
2696	51
2697	33
2698	43
2699	45
2700	45
2701	51
2702	36
2703	48
2704	36
2705	45
2706	37
2707	43
2708	38
2709	44
2710	32
2711	35
2712	50
2713	36
2714	35
2715	43
2716	47
2717	29
2718	60
2719	29
2720	38
2721	37
2722	39
2723	29
2724	32
2725	33
2726	34
2727	47
2728	42
2729	47
2730	39
2731	31
2732	32
2733	43
2734	29
2735	43
2736	28
2737	45
2738	34
2739	36
2740	50
2741	34
2742	51
2743	33
2744	38
2745	29
2746	35
2747	39
2748	41
2749	37
2750	43
2751	31
2752	51
2753	45
2754	31
2755	34
2756	38
2757	34
2758	39
2759	39
2760	44
2761	36
2762	40
2763	42
2764	35
2765	54
2766	43
2767	52
2768	35
2769	38
2770	42
2771	35
2772	25
2773	41
2774	41
2775	41
2776	34
2777	33
2778	38
2779	55
2780	36
2781	41
2782	42
2783	35
2784	46
2785	39
2786	35
2787	38
2788	61
2789	43
2790	34
2791	33
2792	27
2793	41
2794	34
2795	43
2796	34
2797	41
2798	36
2799	40
2800	26
2801	32
2802	36
2803	24
2804	31
2805	43
2806	42
2807	40
2808	42
2809	49
2810	35
2811	34
2812	32
2813	43
2814	42
2815	42
2816	39
2817	37
2818	26
2819	51
2820	32
2821	33
2822	36
2823	41
2824	42
2825	45
2826	25
2827	35
2828	25
2829	31
2830	45
2831	38
2832	35
2833	34
2834	32
2835	39
2836	37
2837	33
2838	29
2839	41
2840	21
2841	43
2842	44
2843	33
2844	23
2845	42
2846	39
2847	26
2848	37
2849	41
2850	42
2851	29
2852	45
2853	32
2854	33
2855	38
2856	43
2857	34
2858	34
2859	43
2860	34
2861	44
2862	30
2863	35
2864	26
2865	36
2866	33
2867	40
2868	30
2869	56
2870	31
2871	32
2872	33
2873	46
2874	32
2875	38
2876	36
2877	46
2878	40
2879	40
2880	38
2881	29
2882	35
2883	31
2884	29
2885	41
2886	40
2887	35
2888	28
2889	40
2890	38
2891	46
2892	32
2893	26
2894	39
2895	33
2896	28
2897	40
2898	50
2899	35
2900	37
2901	38
2902	36
2903	26
2904	32
2905	42
2906	35
2907	39
2908	28
2909	36
2910	30
2911	46
2912	32
2913	45
2914	47
2915	32
2916	41
2917	41
2918	47
2919	45
2920	60
2921	53
2922	51
2923	60
2924	63
2925	60
2926	46
2927	30
2928	45
2929	38
2930	38
2931	34
2932	44
2933	45
2934	25
2935	38
2936	35
2937	34
2938	39
2939	23
2940	34
2941	38
2942	38
2943	27
2944	41
2945	33
2946	27
2947	30
2948	31
2949	34
2950	41
2951	37
2952	33
2953	37
2954	48
2955	36
2956	36
2957	31
2958	30
2959	39
2960	40
2961	38
2962	38
2963	37
2964	33
2965	31
2966	38
2967	29
2968	42
2969	35
2970	33
2971	27
2972	36
2973	24
2974	33
2975	37
2976	38
2977	28
2978	51
2979	40
2980	33
2981	45
2982	30
2983	26
2984	37
2985	34
2986	43
2987	39
2988	39
2989	27
2990	36
2991	36
2992	38
2993	45
2994	39
2995	34
2996	40
2997	27
2998	32
2999	37
3000	46
3001	38
3002	40
3003	44
3004	39
3005	40
3006	32
3007	43
3008	31
3009	30
3010	26
3011	34
3012	36
3013	35
3014	28
3015	25
3016	48
3017	35
3018	34
3019	35
3020	39
3021	25
3022	33
3023	42
3024	30
3025	29
3026	40
3027	39
3028	34
3029	37
3030	28
3031	41
3032	42
3033	36
3034	36
3035	34
3036	40
3037	35
3038	45
3039	32
3040	36
3041	35
3042	35
3043	28
3044	35
3045	39
3046	42
3047	43
3048	40
3049	44
3050	35
3051	45
3052	45
3053	51
3054	66
3055	80
3056	73
3057	62
3058	43
3059	44
3060	55
3061	35
3062	40
3063	40
3064	36
3065	38
3066	31
3067	52
3068	36
3069	36
3070	44
3071	36
3072	25
3073	49
3074	35
3075	36
3076	31
3077	32
3078	37
3079	29
3080	36
3081	34
3082	31
3083	29
3084	34
3085	30
3086	34
3087	33
3088	45
3089	27
3090	28
3091	31
3092	38
3093	37
3094	31
3095	34
3096	27
3097	27
3098	37
3099	33
3100	36
3101	31
3102	29
3103	34
3104	32
3105	39
3106	38
3107	27
3108	44
3109	34
3110	40
3111	30
3112	27
3113	32
3114	38
3115	34
3116	30
3117	29
3118	37
3119	34
3120	40
3121	34
3122	38
3123	31
3124	29
3125	31
3126	34
3127	18
3128	34
3129	39
3130	25
3131	36
3132	32
3133	30
3134	41
3135	32
3136	27
3137	31
3138	25
3139	33
3140	35
3141	38
3142	45
3143	38
3144	28
3145	35
3146	31
3147	20
3148	35
3149	34
3150	28
3151	24
3152	23
3153	34
3154	39
3155	35
3156	30
3157	40
3158	30
3159	39
3160	35
3161	39
3162	35
3163	35
3164	42
3165	31
3166	42
3167	30
3168	34
3169	31
3170	37
3171	36
3172	40
3173	31
3174	45
3175	32
3176	28
3177	26
3178	30
3179	31
3180	31
3181	25
3182	34
3183	32
3184	46
3185	23
3186	36
3187	47
3188	33
3189	28
3190	33
3191	35
3192	41
3193	27
3194	29
3195	38
3196	36
3197	35
3198	26
3199	45
3200	34
3201	32
3202	30
3203	39
3204	31
3205	45
3206	40
3207	42
3208	34
3209	29
3210	27
3211	33
3212	41
3213	37
3214	48
3215	49
3216	29
3217	29
3218	41
3219	29
3220	30
3221	34
3222	30
3223	34
3224	40
3225	31
3226	39
3227	29
3228	32
3229	28
3230	32
3231	38
3232	26
3233	37
3234	29
3235	38
3236	36
3237	39
3238	28
3239	32
3240	27
3241	29
3242	24
3243	34
3244	32
3245	31
3246	33
3247	39
3248	41
3249	30
3250	32
3251	28
3252	30
3253	33
3254	33
3255	27
3256	31
3257	22
3258	32
3259	27
3260	44
3261	33
3262	38
3263	27
3264	32
3265	37
3266	38
3267	33
3268	30
3269	25
3270	39
3271	41
3272	30
3273	32
3274	40
3275	36
3276	19
3277	29
3278	36
3279	31
3280	32
3281	35
3282	37
3283	29
3284	31
3285	31
3286	34
3287	29
3288	41
3289	25
3290	28
3291	42
3292	30
3293	32
3294	25
3295	37
3296	39
3297	45
3298	26
3299	21
3300	30
3301	24
3302	35
3303	26
3304	33
3305	39
3306	32
3307	36
3308	44
3309	40
3310	43
3311	36
3312	48
3313	63
3314	87
3315	120
3316	140
3317	160
3318	198
3319	178
3320	203
3321	153
3322	134
3323	111
3324	72
3325	55
3326	40
3327	40
3328	35
3329	44
3330	31
3331	23
3332	34
3333	32
3334	19
3335	22
3336	39
3337	35
3338	38
3339	39
3340	14
3341	35
3342	26
3343	34
3344	29
3345	27
3346	27
3347	26
3348	25
3349	24
3350	24
3351	27
3352	28
3353	38
3354	25
3355	24
3356	24
3357	31
3358	28
3359	38
3360	27
3361	25
3362	27
3363	28
3364	23
3365	31
3366	28
3367	20
3368	35
3369	24
3370	26
3371	33
3372	28
3373	30
3374	25
3375	31
3376	34
3377	32
3378	27
3379	31
3380	31
3381	23
3382	24
3383	29
3384	23
3385	23
3386	33
3387	16
3388	21
3389	32
3390	34
3391	28
3392	25
3393	35
3394	30
3395	22
3396	26
3397	20
3398	30
3399	28
3400	31
3401	28
3402	29
3403	33
3404	40
3405	28
3406	26
3407	31
3408	29
3409	34
3410	25
3411	17
3412	21
3413	29
3414	39
3415	25
3416	25
3417	40
3418	31
3419	20
3420	28
3421	22
3422	32
3423	19
3424	25
3425	21
3426	36
3427	28
3428	26
3429	24
3430	31
3431	21
3432	29
3433	32
3434	37
3435	32
3436	24
3437	35
3438	25
3439	30
3440	32
3441	20
3442	22
3443	21
3444	20
3445	28
3446	23
3447	30
3448	32
3449	32
3450	33
3451	23
3452	30
3453	23
3454	26
3455	27
3456	24
3457	38
3458	25
3459	25
3460	33
3461	38
3462	31
3463	25
3464	26
3465	32
3466	31
3467	44
3468	27
3469	31
3470	17
3471	29
3472	25
3473	29
3474	25
3475	27
3476	27
3477	20
3478	31
3479	25
3480	26
3481	26
3482	19
3483	29
3484	34
3485	28
3486	36
3487	26
3488	27
3489	38
3490	26
3491	27
3492	32
3493	24
3494	27
3495	29
3496	37
3497	30
3498	33
3499	19
3500	21
3501	26
3502	36
3503	32
3504	21
3505	22
3506	36
3507	29
3508	31
3509	27
3510	26
3511	31
3512	33
3513	33
3514	28
3515	32
3516	29
3517	24
3518	25
3519	23
3520	26
3521	31
3522	30
3523	27
3524	24
3525	23
3526	29
3527	34
3528	30
3529	25
3530	21
3531	18
3532	34
3533	29
3534	38
3535	27
3536	30
3537	26
3538	19
3539	20
3540	28
3541	31
3542	27
3543	24
3544	34
3545	24
3546	27
3547	29
3548	22
3549	33
3550	24
3551	29
3552	27
3553	25
3554	19
3555	22
3556	29
3557	31
3558	35
3559	31
3560	26
3561	20
3562	19
3563	30
3564	32
3565	27
3566	28
3567	22
3568	32
3569	35
3570	17
3571	33
3572	31
3573	22
3574	25
3575	31
3576	28
3577	32
3578	25
3579	32
3580	30
3581	32
3582	25
3583	33
3584	28
3585	31
3586	25
3587	24
3588	29
3589	22
3590	31
3591	23
3592	23
3593	23
3594	24
3595	33
3596	19
3597	28
3598	23
3599	34
3600	27
3601	16
3602	34
3603	27
3604	28
3605	29
3606	23
3607	17
3608	29
3609	25
3610	27
3611	34
3612	23
3613	26
3614	21
3615	26
3616	22
3617	33
3618	28
3619	31
3620	16
3621	23
3622	27
3623	29
3624	32
3625	28
3626	17
3627	23
3628	22
3629	23
3630	29
3631	24
3632	34
3633	25
3634	25
3635	29
3636	18
3637	30
3638	27
3639	26
3640	22
3641	22
3642	28
3643	30
3644	37
3645	38
3646	32
3647	43
3648	25
3649	37
3650	31
3651	34
3652	33
3653	29
3654	34
3655	34
3656	28
3657	26
3658	37
3659	24
3660	21
3661	38
3662	27
3663	18
3664	28
3665	26
3666	32
3667	20
3668	31
3669	28
3670	30
3671	25
3672	26
3673	21
3674	25
3675	26
3676	25
3677	19
3678	17
3679	28
3680	22
3681	37
3682	28
3683	22
3684	21
3685	16
3686	28
3687	30
3688	30
3689	28
3690	28
3691	28
3692	27
3693	24
3694	32
3695	27
3696	22
3697	27
3698	27
3699	23
3700	29
3701	25
3702	28
3703	19
3704	30
3705	33
3706	31
3707	25
3708	32
3709	21
3710	21
3711	37
3712	29
3713	22
3714	24
3715	18
3716	50
3717	32
3718	34
3719	17
3720	30
3721	27
3722	27
3723	22
3724	36
3725	33
3726	30
3727	24
3728	27
3729	29
3730	24
3731	25
3732	31
3733	25
3734	26
3735	29
3736	26
3737	19
3738	27
3739	18
3740	17
3741	18
3742	29
3743	26
3744	25
3745	30
3746	26
3747	31
3748	31
3749	25
3750	22
3751	24
3752	15
3753	24
3754	31
3755	31
3756	32
3757	32
3758	27
3759	19
3760	30
3761	21
3762	34
3763	29
3764	19
3765	27
3766	25
3767	29
3768	27
3769	29
3770	21
3771	21
3772	23
3773	22
3774	22
3775	22
3776	25
3777	22
3778	30
3779	27
3780	29
3781	24
3782	35
3783	23
3784	25
3785	31
3786	22
3787	15
3788	33
3789	20
3790	18
3791	20
3792	29
3793	24
3794	25
3795	34
3796	31
3797	20
3798	28
3799	23
3800	29
3801	30
3802	30
3803	23
3804	32
3805	32
3806	24
3807	16
3808	22
3809	30
3810	21
3811	20
3812	16
3813	30
3814	27
3815	36
3816	16
3817	25
3818	38
3819	25
3820	30
3821	24
3822	21
3823	34
3824	30
3825	23
3826	20
3827	27
3828	20
3829	26
3830	24
3831	25
3832	22
3833	30
3834	30
3835	23
3836	29
3837	30
3838	21
3839	28
3840	28
3841	31
3842	31
3843	31
3844	26
3845	35
3846	26
3847	25
3848	33
3849	30
3850	32
3851	33
3852	14
3853	27
3854	26
3855	34
3856	27
3857	29
3858	26
3859	25
3860	33
3861	33
3862	32
3863	21
3864	21
3865	23
3866	30
3867	24
3868	32
3869	23
3870	32
3871	19
3872	28
3873	23
3874	31
3875	33
3876	29
3877	34
3878	26
3879	32
3880	19
3881	26
3882	32
3883	23
3884	26
3885	27
3886	32
3887	24
3888	34
3889	32
3890	31
3891	23
3892	36
3893	25
3894	28
3895	27
3896	25
3897	25
3898	24
3899	16
3900	32
3901	30
3902	27
3903	29
3904	24
3905	28
3906	23
3907	23
3908	25
3909	30
3910	27
3911	24
3912	29
3913	19
3914	28
3915	14
3916	20
3917	17
3918	31
3919	24
3920	28
3921	30
3922	26
3923	39
3924	29
3925	14
3926	17
3927	35
3928	25
3929	24
3930	33
3931	23
3932	23
3933	29
3934	32
3935	25
3936	31
3937	28
3938	28
3939	27
3940	26
3941	33
3942	31
3943	26
3944	23
3945	26
3946	33
3947	24
3948	34
3949	25
3950	21
3951	33
3952	36
3953	27
3954	32
3955	24
3956	27
3957	29
3958	20
3959	26
3960	28
3961	35
3962	27
3963	29
3964	22
3965	28
3966	16
3967	36
3968	28
3969	33
3970	25
3971	28
3972	26
3973	29
3974	32
3975	30
3976	29
3977	22
3978	21
3979	34
3980	33
3981	23
3982	25
3983	29
3984	22
3985	26
3986	21
3987	27
3988	23
3989	39
3990	26
3991	33
3992	37
3993	33
3994	28
3995	21
3996	24
3997	26
3998	25
3999	26
4000	30
4001	18
4002	28
4003	29
4004	25
4005	22
4006	22
4007	28
4008	29
4009	25
4010	29
4011	26
4012	22
4013	29
4014	31
4015	24
4016	32
4017	19
4018	24
4019	30
4020	27
4021	29
4022	33
4023	39
4024	23
4025	31
4026	30
4027	25
4028	26
4029	24
4030	30
4031	30
4032	23
4033	26
4034	32
4035	31
4036	26
4037	24
4038	29
4039	26
4040	18
4041	32
4042	26
4043	29
4044	26
4045	29
4046	28
4047	27
4048	24
4049	26
4050	24
4051	26
4052	30
4053	25
4054	26
4055	35
4056	29
4057	24
4058	35
4059	24
4060	22
4061	35
4062	22
4063	26
4064	27
4065	23
4066	23
4067	27
4068	24
4069	29
4070	22
4071	34
4072	21
4073	38
4074	31
4075	23
4076	26
4077	31
4078	19
4079	19
4080	27
4081	31
4082	17
4083	25
4084	28
4085	26
4086	42
4087	24
4088	30
4089	33
4090	27
4091	16
4092	24
4093	17
4094	23
4095	24
4096	24
4097	30
4098	28
4099	20
4100	30
4101	29
4102	20
4103	26
4104	19
4105	27
4106	23
4107	22
4108	37
4109	28
4110	28
4111	31
4112	20
4113	25
4114	23
4115	24
4116	21
4117	21
4118	29
4119	24
4120	27
4121	28
4122	32
4123	25
4124	38
4125	23
4126	20
4127	24
4128	26
4129	22
4130	23
4131	27
4132	30
4133	23
4134	31
4135	26
4136	31
4137	29
4138	27
4139	24
4140	25
4141	31
4142	30
4143	20
4144	24
4145	25
4146	22
4147	19
4148	18
4149	24
4150	31
4151	33
4152	32
4153	25
4154	18
4155	21
4156	29
4157	29
4158	24
4159	32
4160	27
4161	32
4162	28
4163	29
4164	19
4165	23
4166	26
4167	17
4168	33
4169	23
4170	32
4171	20
4172	26
4173	35
4174	21
4175	41
4176	31
4177	32
4178	20
4179	30
4180	30
4181	19
4182	22
4183	27
4184	22
4185	26
4186	26
4187	35
4188	33
4189	28
4190	28
4191	33
4192	22
4193	38
4194	26
4195	21
4196	33
4197	25
4198	30
4199	22
4200	29
4201	34
4202	25
4203	34
4204	19
4205	39
4206	28
4207	24
4208	35
4209	31
4210	26
4211	25
4212	27
4213	32
4214	24
4215	27
4216	30
4217	26
4218	29
4219	32
4220	34
4221	26
4222	28
4223	27
4224	28
4225	25
4226	29
4227	30
4228	37
4229	27
4230	31
4231	36
4232	22
4233	26
4234	30
4235	22
4236	22
4237	30
4238	33
4239	34
4240	35
4241	26
4242	26
4243	28
4244	25
4245	29
4246	32
4247	36
4248	33
4249	21
4250	41
4251	39
4252	44
4253	33
4254	38
4255	25
4256	35
4257	34
4258	28
4259	32
4260	37
4261	29
4262	21
4263	32
4264	26
4265	34
4266	33
4267	25
4268	31
4269	32
4270	34
4271	32
4272	25
4273	33
4274	36
4275	24
4276	29
4277	27
4278	32
4279	29
4280	21
4281	29
4282	27
4283	26
4284	30
4285	25
4286	36
4287	28
4288	30
4289	35
4290	31
4291	21
4292	26
4293	31
4294	25
4295	22
4296	30
4297	30
4298	21
4299	22
4300	30
4301	20
4302	30
4303	32
4304	29
4305	27
4306	36
4307	30
4308	21
4309	30
4310	28
4311	30
4312	38
4313	32
4314	33
4315	30
4316	25
4317	22
4318	29
4319	27
4320	26
4321	21
4322	40
4323	34
4324	34
4325	32
4326	24
4327	32
4328	35
4329	32
4330	25
4331	31
4332	25
4333	34
4334	24
4335	34
4336	18
4337	47
4338	38
4339	20
4340	29
4341	39
4342	27
4343	38
4344	22
4345	30
4346	34
4347	41
4348	31
4349	25
4350	25
4351	27
4352	22
4353	25
4354	20
4355	29
4356	27
4357	35
4358	31
4359	37
4360	38
4361	34
4362	26
4363	40
4364	29
4365	15
4366	31
4367	25
4368	35
4369	28
4370	28
4371	24
4372	22
4373	35
4374	31
4375	31
4376	33
4377	26
4378	26
4379	35
4380	32
4381	24
4382	26
4383	28
4384	34
4385	21
4386	36
4387	36
4388	29
4389	35
4390	25
4391	29
4392	33
4393	28
4394	19
4395	30
4396	28
4397	21
4398	25
4399	23
4400	27
4401	30
4402	35
4403	27
4404	35
4405	35
4406	31
4407	25
4408	28
4409	35
4410	36
4411	25
4412	24
4413	25
4414	27
4415	32
4416	35
4417	19
4418	36
4419	34
4420	34
4421	21
4422	35
4423	37
4424	30
4425	21
4426	36
4427	37
4428	31
4429	31
4430	33
4431	22
4432	32
4433	27
4434	34
4435	32
4436	30
4437	28
4438	41
4439	35
4440	38
4441	35
4442	25
4443	28
4444	24
4445	31
4446	32
4447	22
4448	35
4449	33
4450	28
4451	38
4452	28
4453	30
4454	21
4455	22
4456	32
4457	18
4458	33
4459	37
4460	26
4461	26
4462	29
4463	33
4464	25
4465	35
4466	30
4467	32
4468	33
4469	32
4470	39
4471	32
4472	30
4473	42
4474	33
4475	20
4476	24
4477	33
4478	34
4479	33
4480	24
4481	34
4482	41
4483	42
4484	31
4485	29
4486	27
4487	25
4488	27
4489	35
4490	33
4491	22
4492	26
4493	33
4494	26
4495	35
4496	38
4497	36
4498	36
4499	18
4500	37
4501	25
4502	26
4503	26
4504	26
4505	33
4506	27
4507	29
4508	24
4509	33
4510	34
4511	39
4512	36
4513	21
4514	31
4515	38
4516	32
4517	36
4518	30
4519	25
4520	37
4521	25
4522	28
4523	33
4524	34
4525	39
4526	32
4527	33
4528	28
4529	42
4530	25
4531	33
4532	24
4533	33
4534	29
4535	33
4536	25
4537	30
4538	27
4539	26
4540	25
4541	31
4542	35
4543	27
4544	31
4545	29
4546	33
4547	32
4548	32
4549	37
4550	26
4551	34
4552	33
4553	24
4554	32
4555	27
4556	26
4557	28
4558	21
4559	22
4560	24
4561	29
4562	29
4563	28
4564	30
4565	23
4566	28
4567	21
4568	22
4569	35
4570	21
4571	21
4572	22
4573	36
4574	28
4575	30
4576	40
4577	34
4578	42
4579	45
4580	36
4581	39
4582	35
4583	31
4584	30
4585	33
4586	20
4587	26
4588	21
4589	31
4590	28
4591	27
4592	22
4593	19
4594	28
4595	15
4596	15
4597	27
4598	24
4599	24
4600	19
4601	17
4602	16
4603	34
4604	21
4605	33
4606	25
4607	20
4608	22
4609	11
4610	26
4611	22
4612	25
4613	19
4614	20
4615	23
4616	20
4617	28
4618	15
4619	16
4620	23
4621	21
4622	22
4623	13
4624	17
4625	17
4626	28
4627	20
4628	20
4629	22
4630	26
4631	24
4632	18
4633	23
4634	25
4635	21
4636	14
4637	26
4638	25
4639	26
4640	19
4641	19
4642	18
4643	25
4644	26
4645	23
4646	18
4647	10
4648	17
4649	17
4650	17
4651	18
4652	22
4653	17
4654	30
4655	20
4656	21
4657	20
4658	24
4659	21
4660	21
4661	17
4662	17
4663	21
4664	21
4665	21
4666	25
4667	13
4668	16
4669	29
4670	21
4671	15
4672	25
4673	30
4674	22
4675	24
4676	19
4677	21
4678	16
4679	24
4680	22
4681	26
4682	14
4683	26
4684	18
4685	22
4686	19
4687	16
4688	25
4689	16
4690	23
4691	33
4692	27
4693	27
4694	19
4695	30
4696	24
4697	22
4698	21
4699	20
4700	13
4701	21
4702	16
4703	18
4704	19
4705	20
4706	21
4707	17
4708	16
4709	15
4710	19
4711	20
4712	20
4713	20
4714	17
4715	18
4716	20
4717	13
4718	25
4719	11
4720	14
4721	23
4722	26
4723	23
4724	23
4725	11
4726	27
4727	19
4728	24
4729	14
4730	18
4731	14
4732	21
4733	14
4734	13
4735	22
4736	24
4737	21
4738	15
4739	17
4740	21
4741	22
4742	15
4743	22
4744	22
4745	32
4746	19
4747	22
4748	24
4749	21
4750	17
4751	22
4752	18
4753	23
4754	24
4755	17
4756	17
4757	13
4758	15
4759	20
4760	20
4761	19
4762	22
4763	15
4764	22
4765	21
4766	18
4767	16
4768	22
4769	25
4770	21
4771	14
4772	31
4773	18
4774	19
4775	15
4776	19
4777	23
4778	12
4779	12
4780	14
4781	24
4782	19
4783	26
4784	18
4785	19
4786	11
4787	18
4788	19
4789	16
4790	16
4791	11
4792	25
4793	16
4794	17
4795	18
4796	26
4797	26
4798	14
4799	20
4800	18
4801	20
4802	23
4803	23
4804	14
4805	13
4806	17
4807	25
4808	20
4809	27
4810	20
4811	23
4812	19
4813	19
4814	11
4815	15
4816	25
4817	17
4818	13
4819	22
4820	23
4821	15
4822	23
4823	16
4824	10
4825	16
4826	26
4827	18
4828	14
4829	28
4830	22
4831	13
4832	13
4833	23
4834	14
4835	11
4836	18
4837	20
4838	14
4839	23
4840	12
4841	16
4842	18
4843	19
4844	23
4845	15
4846	17
4847	16
4848	14
4849	19
4850	18
4851	20
4852	15
4853	18
4854	29
4855	18
4856	21
4857	13
4858	16
4859	24
4860	20
4861	19
4862	19
4863	20
4864	19
4865	34
4866	20
4867	24
4868	34
4869	13
4870	31
4871	25
4872	21
4873	20
4874	27
4875	27
4876	21
4877	24
4878	16
4879	12
4880	14
4881	21
4882	17
4883	10
4884	13
4885	16
4886	15
4887	19
4888	15
4889	21
4890	16
4891	16
4892	23
4893	21
4894	17
4895	12
4896	17
4897	15
4898	25
4899	17
4900	19
4901	18
4902	23
4903	10
4904	26
4905	17
4906	19
4907	11
4908	12
4909	18
4910	15
4911	13
4912	9
4913	17
4914	20
4915	14
4916	14
4917	25
4918	15
4919	11
4920	10
4921	18
4922	21
4923	23
4924	14
4925	13
4926	20
4927	15
4928	18
4929	22
4930	18
4931	14
4932	11
4933	18
4934	18
4935	21
4936	14
4937	24
4938	17
4939	37
4940	28
4941	42
4942	40
4943	53
4944	52
4945	64
4946	68
4947	44
4948	61
4949	38
4950	25
4951	15
4952	21
4953	13
4954	16
4955	20
4956	23
4957	20
4958	14
4959	14
4960	14
4961	18
4962	16
4963	21
4964	15
4965	21
4966	16
4967	11
4968	19
4969	14
4970	16
4971	13
4972	15
4973	11
4974	8
4975	6
4976	10
4977	13
4978	10
4979	19
4980	19
4981	17
4982	11
4983	12
4984	18
4985	20
4986	15
4987	23
4988	17
4989	14
4990	18
4991	15
4992	17
4993	11
4994	10
4995	13
4996	11
4997	13
4998	11
4999	9
5000	15
5001	10
5002	14
5003	12
5004	14
5005	16
5006	13
5007	10
5008	12
5009	14
5010	11
5011	15
5012	12
5013	19
5014	17
5015	9
5016	11
5017	22
5018	11
5019	12
5020	14
5021	16
5022	13
5023	9
5024	16
5025	16
5026	13
5027	15
5028	24
5029	17
5030	12
5031	16
5032	21
5033	16
5034	13
5035	20
5036	13
5037	12
5038	9
5039	11
5040	7
5041	12
5042	19
5043	16
5044	8
5045	9
5046	15
5047	11
5048	16
5049	26
5050	18
5051	18
5052	17
5053	13
5054	14
5055	15
5056	8
5057	8
5058	14
5059	6
5060	15
5061	10
5062	15
5063	13
5064	10
5065	12
5066	12
5067	10
5068	15
5069	17
5070	10
5071	12
5072	7
5073	9
5074	17
5075	17
5076	11
5077	15
5078	11
5079	9
5080	13
5081	10
5082	16
5083	11
5084	9
5085	14
5086	7
5087	13
5088	8
5089	16
5090	13
5091	12
5092	11
5093	8
5094	13
5095	13
5096	5
5097	11
5098	8
5099	11
5100	17
5101	14
5102	13
5103	10
5104	9
5105	11
5106	18
5107	8
5108	15
5109	7
5110	16
5111	14
5112	8
5113	10
5114	13
5115	13
5116	13
5117	8
5118	15
5119	7
5120	16
5121	16
5122	11
5123	15
5124	11
5125	22
5126	13
5127	10
5128	8
5129	9
5130	13
5131	13
5132	8
5133	13
5134	10
5135	13
5136	13
5137	18
5138	13
5139	14
5140	12
5141	13
5142	17
5143	11
5144	23
5145	16
5146	17
5147	17
5148	16
5149	12
5150	12
5151	16
5152	15
5153	11
5154	11
5155	7
5156	15
5157	11
5158	17
5159	11
5160	8
5161	12
5162	8
5163	9
5164	14
5165	17
5166	17
5167	18
5168	11
5169	16
5170	15
5171	8
5172	16
5173	11
5174	10
5175	12
5176	12
5177	13
5178	9
5179	15
5180	10
5181	6
5182	9
5183	9
5184	13
5185	11
5186	7
5187	13
5188	19
5189	17
5190	16
5191	15
5192	4
5193	15
5194	18
5195	7
5196	12
5197	20
5198	15
5199	12
5200	17
5201	10
5202	14
5203	20
5204	15
5205	13
5206	16
5207	13
5208	16
5209	13
5210	11
5211	13
5212	11
5213	13
5214	13
5215	10
5216	15
5217	11
5218	15
5219	13
5220	10
5221	16
5222	12
5223	13
5224	10
5225	13
5226	8
5227	15
5228	12
5229	14
5230	11
5231	14
5232	14
5233	14
5234	11
5235	14
5236	6
5237	11
5238	16
5239	11
5240	12
5241	8
5242	11
5243	9
5244	12
5245	16
5246	16
5247	15
5248	11
5249	19
5250	17
5251	7
5252	20
5253	13
5254	9
5255	18
5256	18
5257	15
5258	17
5259	13
5260	16
5261	14
5262	23
5263	11
5264	10
5265	5
5266	10
5267	11
5268	11
5269	12
5270	5
5271	12
5272	12
5273	10
5274	16
5275	12
5276	5
5277	16
5278	11
5279	7
5280	12
5281	15
5282	13
5283	21
5284	13
5285	16
5286	7
5287	8
5288	11
5289	6
5290	13
5291	10
5292	6
5293	10
5294	10
5295	12
5296	16
5297	8
5298	15
5299	12
5300	6
5301	12
5302	15
5303	10
5304	17
5305	12
5306	14
5307	12
5308	7
5309	9
5310	12
5311	10
5312	10
5313	12
5314	16
5315	12
5316	8
5317	13
5318	9
5319	10
5320	8
5321	9
5322	16
5323	14
5324	12
5325	11
5326	13
5327	11
5328	17
5329	9
5330	8
5331	10
5332	15
5333	10
5334	4
5335	16
5336	8
5337	14
5338	14
5339	16
5340	9
5341	12
5342	12
5343	11
5344	12
5345	12
5346	10
5347	11
5348	16
5349	11
5350	13
5351	6
5352	8
5353	8
5354	12
5355	10
5356	13
5357	9
5358	15
5359	12
5360	11
5361	18
5362	10
5363	9
5364	9
5365	16
5366	9
5367	18
5368	19
5369	14
5370	20
5371	8
5372	11
5373	6
5374	9
5375	8
5376	13
5377	10
5378	9
5379	11
5380	14
5381	3
5382	11
5383	13
5384	14
5385	11
5386	8
5387	15
5388	6
5389	13
5390	11
5391	12
5392	12
5393	12
5394	12
5395	8
5396	16
5397	12
5398	11
5399	10
5400	12
5401	10
5402	11
5403	8
5404	10
5405	8
5406	10
5407	16
5408	15
5409	10
5410	8
5411	16
5412	10
5413	11
5414	16
5415	11
5416	18
5417	14
5418	16
5419	12
5420	12
5421	8
5422	12
5423	11
5424	10
5425	14
5426	13
5427	14
5428	13
5429	13
5430	10
5431	9
5432	16
5433	6
5434	14
5435	13
5436	13
5437	11
5438	5
5439	13
5440	15
5441	17
5442	10
5443	10
5444	15
5445	11
5446	11
5447	13
5448	12
5449	12
5450	13
5451	13
5452	13
5453	11
5454	8
5455	11
5456	11
5457	14
5458	12
5459	17
5460	15
5461	8
5462	15
5463	12
5464	13
5465	9
5466	5
5467	7
5468	9
5469	10
5470	11
5471	13
5472	14
5473	11
5474	12
5475	14
5476	13
5477	10
5478	10
5479	14
5480	9
5481	15
5482	18
5483	13
5484	14
5485	15
5486	17
5487	18
5488	6
5489	11
5490	14
5491	12
5492	16
5493	14
5494	14
5495	9
5496	14
5497	11
5498	10
5499	13
5500	11
5501	13
5502	8
5503	11
5504	4
5505	12
5506	10
5507	16
5508	19
5509	9
5510	11
5511	6
5512	8
5513	9
5514	16
5515	8
5516	13
5517	9
5518	7
5519	13
5520	10
5521	9
5522	9
5523	13
5524	13
5525	8
5526	13
5527	7
5528	12
5529	4
5530	8
5531	7
5532	8
5533	8
5534	10
5535	11
5536	8
5537	12
5538	11
5539	16
5540	9
5541	9
5542	14
5543	13
5544	14
5545	14
5546	11
5547	11
5548	10
5549	9
5550	12
5551	13
5552	12
5553	13
5554	10
5555	12
5556	10
5557	13
5558	11
5559	9
5560	8
5561	14
5562	15
5563	4
5564	14
5565	10
5566	15
5567	15
5568	12
5569	9
5570	6
5571	11
5572	11
5573	5
5574	7
5575	11
5576	12
5577	14
5578	6
5579	20
5580	16
5581	16
5582	14
5583	12
5584	12
5585	17
5586	10
5587	12
5588	14
5589	14
5590	13
5591	11
5592	14
5593	18
5594	27
5595	34
5596	21
5597	38
5598	38
5599	49
5600	65
5601	67
5602	97
5603	140
5604	215
5605	286
5606	360
5607	451
5608	621
5609	754
5610	870
5611	856
5612	823
5613	801
5614	664
5615	540
5616	400
5617	282
5618	193
5619	108
5620	65
5621	36
5622	24
5623	17
5624	21
5625	8
5626	8
5627	13
5628	15
5629	10
5630	14
5631	17
5632	15
5633	20
5634	17
5635	13
5636	15
5637	24
5638	20
5639	13
5640	14
5641	11
5642	18
5643	11
5644	9
5645	6
5646	6
5647	6
5648	8
5649	9
5650	7
5651	6
5652	8
5653	13
5654	10
5655	11
5656	7
5657	7
5658	12
5659	9
5660	11
5661	11
5662	8
5663	5
5664	3
5665	10
5666	12
5667	12
5668	10
5669	12
5670	5
5671	13
5672	12
5673	9
5674	7
5675	8
5676	16
5677	6
5678	8
5679	8
5680	8
5681	7
5682	14
5683	5
5684	13
5685	6
5686	7
5687	10
5688	8
5689	3
5690	6
5691	9
5692	7
5693	15
5694	8
5695	4
5696	6
5697	10
5698	5
5699	6
5700	8
5701	12
5702	6
5703	10
5704	12
5705	4
5706	5
5707	11
5708	11
5709	8
5710	14
5711	9
5712	5
5713	10
5714	9
5715	14
5716	11
5717	8
5718	7
5719	6
5720	15
5721	7
5722	3
5723	7
5724	10
5725	8
5726	9
5727	12
5728	8
5729	6
5730	9
5731	10
5732	9
5733	8
5734	8
5735	6
5736	10
5737	5
5738	12
5739	6
5740	6
5741	8
5742	8
5743	3
5744	7
5745	9
5746	8
5747	10
5748	7
5749	10
5750	8
5751	4
5752	14
5753	7
5754	3
5755	10
5756	5
5757	6
5758	8
5759	9
5760	13
5761	12
5762	5
5763	17
5764	3
5765	11
5766	7
5767	10
5768	11
5769	7
5770	10
5771	8
5772	5
5773	8
5774	11
5775	4
5776	7
5777	8
5778	11
5779	9
5780	6
5781	11
5782	12
5783	9
5784	2
5785	11
5786	10
5787	4
5788	10
5789	9
5790	10
5791	9
5792	5
5793	10
5794	7
5795	12
5796	8
5797	13
5798	8
5799	4
5800	9
5801	11
5802	13
5803	9
5804	13
5805	10
5806	10
5807	10
5808	9
5809	14
5810	2
5811	10
5812	11
5813	8
5814	6
5815	11
5816	4
5817	7
5818	12
5819	4
5820	18
5821	11
5822	6
5823	10
5824	9
5825	9
5826	7
5827	9
5828	11
5829	5
5830	5
5831	11
5832	7
5833	5
5834	5
5835	7
5836	10
5837	12
5838	5
5839	11
5840	10
5841	11
5842	8
5843	8
5844	3
5845	9
5846	9
5847	6
5848	6
5849	12
5850	9
5851	11
5852	5
5853	6
5854	8
5855	7
5856	8
5857	6
5858	7
5859	11
5860	10
5861	16
5862	9
5863	7
5864	3
5865	8
5866	9
5867	8
5868	14
5869	6
5870	9
5871	8
5872	12
5873	10
5874	9
5875	5
5876	8
5877	9
5878	9
5879	11
5880	10
5881	9
5882	8
5883	8
5884	14
5885	7
5886	9
5887	6
5888	8
5889	15
5890	8
5891	7
5892	10
5893	12
5894	7
5895	8
5896	10
5897	5
5898	16
5899	6
5900	5
5901	9
5902	6
5903	10
5904	15
5905	13
5906	9
5907	9
5908	14
5909	5
5910	8
5911	12
5912	11
5913	5
5914	4
5915	9
5916	4
5917	8
5918	7
5919	12
5920	7
5921	10
5922	9
5923	11
5924	16
5925	5
5926	8
5927	5
5928	7
5929	7
5930	10
5931	10
5932	5
5933	4
5934	10
5935	6
5936	10
5937	7
5938	10
5939	6
5940	12
5941	7
5942	6
5943	9
5944	7
5945	8
5946	15
5947	8
5948	6
5949	7
5950	10
5951	6
5952	8
5953	9
5954	10
5955	7
5956	5
5957	10
5958	7
5959	7
5960	7
5961	5
5962	10
5963	9
5964	10
5965	4
5966	6
5967	5
5968	4
5969	5
5970	4
5971	10
5972	8
5973	6
5974	9
5975	3
5976	8
5977	10
5978	10
5979	6
5980	12
5981	4
5982	5
5983	13
5984	8
5985	9
5986	7
5987	13
5988	3
5989	6
5990	7
5991	8
5992	7
5993	11
5994	12
5995	7
5996	4
5997	7
5998	10
5999	10
6000	6
6001	7
6002	7
6003	4
6004	10
6005	9
6006	8
6007	13
6008	7
6009	11
6010	6
6011	9
6012	5
6013	6
6014	9
6015	15
6016	12
6017	6
6018	9
6019	6
6020	5
6021	6
6022	10
6023	5
6024	9
6025	5
6026	7
6027	10
6028	8
6029	5
6030	9
6031	6
6032	1
6033	11
6034	12
6035	7
6036	4
6037	8
6038	6
6039	9
6040	5
6041	4
6042	6
6043	8
6044	7
6045	10
6046	5
6047	13
6048	5
6049	10
6050	4
6051	12
6052	11
6053	7
6054	9
6055	12
6056	17
6057	6
6058	10
6059	17
6060	14
6061	6
6062	4
6063	7
6064	13
6065	14
6066	4
6067	14
6068	8
6069	4
6070	6
6071	5
6072	4
6073	12
6074	7
6075	6
6076	8
6077	14
6078	8
6079	3
6080	10
6081	7
6082	12
6083	10
6084	12
6085	4
6086	11
6087	5
6088	9
6089	6
6090	7
6091	13
6092	6
6093	6
6094	8
6095	9
6096	10
6097	9
6098	7
6099	8
6100	10
6101	8
6102	13
6103	8
6104	5
6105	12
6106	7
6107	10
6108	7
6109	11
6110	10
6111	8
6112	11
6113	8
6114	6
6115	5
6116	8
6117	6
6118	4
6119	12
6120	5
6121	7
6122	8
6123	10
6124	8
6125	5
6126	7
6127	7
6128	12
6129	10
6130	5
6131	7
6132	9
6133	9
6134	10
6135	10
6136	9
6137	10
6138	8
6139	7
6140	8
6141	6
6142	4
6143	2
6144	9
6145	7
6146	8
6147	5
6148	9
6149	3
6150	7
6151	7
6152	9
6153	3
6154	7
6155	9
6156	6
6157	5
6158	5
6159	13
6160	8
6161	6
6162	14
6163	10
6164	9
6165	11
6166	7
6167	9
6168	7
6169	4
6170	5
6171	7
6172	11
6173	11
6174	10
6175	8
6176	8
6177	2
6178	8
6179	3
6180	6
6181	10
6182	7
6183	8
6184	9
6185	7
6186	10
6187	11
6188	12
6189	10
6190	4
6191	6
6192	9
6193	2
6194	8
6195	6
6196	13
6197	15
6198	8
6199	6
6200	8
6201	4
6202	10
6203	7
6204	8
6205	12
6206	11
6207	10
6208	11
6209	12
6210	7
6211	12
6212	8
6213	6
6214	12
6215	6
6216	9
6217	13
6218	8
6219	15
6220	7
6221	7
6222	12
6223	8
6224	16
6225	13
6226	11
6227	8
6228	16
6229	14
6230	17
6231	21
6232	19
6233	21
6234	21
6235	22
6236	9
6237	13
6238	11
6239	7
6240	5
6241	5
6242	5
6243	5
6244	10
6245	7
6246	10
6247	9
6248	5
6249	8
6250	2
6251	4
6252	5
6253	4
6254	9
6255	4
6256	14
6257	4
6258	4
6259	6
6260	10
6261	5
6262	11
6263	8
6264	10
6265	15
6266	2
6267	7
6268	9
6269	5
6270	8
6271	8
6272	6
6273	8
6274	6
6275	5
6276	7
6277	7
6278	7
6279	12
6280	5
6281	9
6282	7
6283	5
6284	9
6285	8
6286	8
6287	9
6288	5
6289	1
6290	12
6291	5
6292	6
6293	10
6294	5
6295	7
6296	7
6297	2
6298	8
6299	8
6300	5
6301	6
6302	4
6303	2
6304	6
6305	12
6306	8
6307	6
6308	3
6309	6
6310	3
6311	7
6312	6
6313	10
6314	7
6315	5
6316	4
6317	7
6318	4
6319	10
6320	8
6321	10
6322	10
6323	4
6324	8
6325	9
6326	4
6327	4
6328	7
6329	4
6330	6
6331	5
6332	5
6333	5
6334	13
6335	10
6336	9
6337	4
6338	4
6339	5
6340	4
6341	6
6342	6
6343	5
6344	11
6345	5
6346	7
6347	6
6348	5
6349	7
6350	5
6351	1
6352	7
6353	5
6354	4
6355	8
6356	5
6357	8
6358	6
6359	9
6360	8
6361	5
6362	6
6363	8
6364	7
6365	7
6366	3
6367	4
6368	11
6369	5
6370	3
6371	7
6372	7
6373	4
6374	7
6375	5
6376	9
6377	4
6378	9
6379	8
6380	8
6381	7
6382	8
6383	4
6384	6
6385	6
6386	3
6387	5
6388	15
6389	10
6390	8
6391	8
6392	3
6393	11
6394	7
6395	4
6396	6
6397	7
6398	4
6399	8
6400	7
6401	7
6402	2
6403	8
6404	8
6405	8
6406	7
6407	6
6408	5
6409	7
6410	5
6411	4
6412	9
6413	8
6414	4
6415	11
6416	8
6417	6
6418	5
6419	4
6420	6
6421	10
6422	5
6423	11
6424	6
6425	6
6426	6
6427	10
6428	6
6429	5
6430	4
6431	4
6432	10
6433	4
6434	8
6435	8
6436	5
6437	6
6438	6
6439	6
6440	7
6441	6
6442	4
6443	4
6444	2
6445	6
6446	5
6447	5
6448	6
6449	9
6450	4
6451	7
6452	3
6453	5
6454	6
6455	9
6456	3
6457	4
6458	1
6459	9
6460	3
6461	5
6462	6
6463	7
6464	7
6465	4
6466	9
6467	11
6468	6
6469	7
6470	6
6471	8
6472	5
6473	5
6474	5
6475	6
6476	5
6477	4
6478	5
6479	6
6480	5
6481	9
6482	5
6483	3
6484	6
6485	3
6486	7
6487	7
6488	4
6489	3
6490	11
6491	5
6492	6
6493	3
6494	3
6495	8
6496	7
6497	3
6498	5
6499	5
6500	10
6501	10
6502	4
6503	3
6504	3
6505	4
6506	4
6507	4
6508	6
6509	10
6510	2
6511	4
6512	5
6513	5
6514	9
6515	6
6516	1
6517	7
6518	6
6519	4
6520	7
6521	8
6522	9
6523	8
6524	8
6525	4
6526	4
6527	5
6528	5
6529	7
6530	7
6531	5
6532	5
6533	1
6534	7
6535	3
6536	2
6537	6
6538	7
6539	13
6540	7
6541	4
6542	6
6543	6
6544	5
6545	5
6546	2
6547	6
6548	4
6549	7
6550	8
6551	6
6552	7
6553	7
6554	4
6555	4
6556	8
6557	2
6558	6
6559	8
6560	8
6561	3
6562	9
6563	6
6564	3
6565	1
6566	8
6567	7
6568	6
6569	4
6570	3
6571	5
6572	5
6573	3
6574	5
6575	2
6576	4
6577	9
6578	10
6579	7
6580	6
6581	7
6582	8
6583	5
6584	4
6585	8
6586	7
6587	10
6588	7
6589	6
6590	6
6591	5
6592	7
6593	10
6594	6
6595	6
6596	17
6597	13
6598	19
6599	19
6600	23
6601	27
6602	27
6603	22
6604	31
6605	39
6606	22
6607	14
6608	14
6609	16
6610	11
6611	9
6612	8
6613	10
6614	5
6615	9
6616	8
6617	2
6618	4
6619	3
6620	6
6621	6
6622	9
6623	4
6624	5
6625	4
6626	7
6627	8
6628	7
6629	6
6630	9
6631	2
6632	7
6633	4
6634	5
6635	6
6636	8
6637	3
6638	4
6639	6
6640	4
6641	7
6642	4
6643	1
6644	8
6645	5
6646	1
6647	9
6648	10
6649	2
6650	7
6651	9
6652	7
6653	9
6654	5
6655	4
6656	6
6657	9
6658	2
6659	1
6660	4
6661	7
6662	4
6663	5
6664	2
6665	7
6666	3
6667	8
6668	7
6669	4
6670	2
6671	4
6672	7
6673	8
6674	5
6675	3
6676	6
6677	3
6678	9
6679	4
6680	4
6681	6
6682	5
6683	7
6684	8
6685	1
6686	3
6687	4
6688	5
6689	8
6690	7
6691	3
6692	8
6693	5
6694	6
6695	5
6696	10
6697	4
6698	3
6699	3
6700	4
6701	5
6702	4
6703	5
6704	5
6705	4
6706	6
6707	3
6708	7
6709	6
6710	5
6711	3
6712	3
6713	5
6714	4
6715	6
6716	3
6717	5
6718	2
6719	3
6720	5
6721	2
6722	3
6723	5
6724	0
6725	5
6726	7
6727	4
6728	5
6729	6
6730	8
6731	4
6732	7
6733	5
6734	7
6735	3
6736	8
6737	3
6738	8
6739	5
6740	3
6741	7
6742	10
6743	3
6744	6
6745	7
6746	5
6747	9
6748	8
6749	2
6750	8
6751	7
6752	6
6753	5
6754	5
6755	7
6756	5
6757	4
6758	6
6759	9
6760	7
6761	5
6762	4
6763	12
6764	4
6765	3
6766	4
6767	3
6768	8
6769	6
6770	4
6771	7
6772	4
6773	3
6774	6
6775	2
6776	3
6777	5
6778	5
6779	2
6780	3
6781	7
6782	10
6783	6
6784	1
6785	6
6786	1
6787	2
6788	3
6789	5
6790	4
6791	6
6792	6
6793	5
6794	2
6795	4
6796	2
6797	3
6798	4
6799	5
6800	8
6801	2
6802	7
6803	2
6804	2
6805	4
6806	4
6807	6
6808	8
6809	3
6810	4
6811	6
6812	5
6813	6
6814	6
6815	7
6816	5
6817	4
6818	5
6819	4
6820	2
6821	1
6822	5
6823	3
6824	4
6825	2
6826	1
6827	8
6828	3
6829	3
6830	8
6831	5
6832	4
6833	4
6834	4
6835	7
6836	6
6837	4
6838	2
6839	5
6840	3
6841	5
6842	5
6843	5
6844	6
6845	7
6846	3
6847	3
6848	3
6849	6
6850	3
6851	2
6852	3
6853	2
6854	2
6855	6
6856	3
6857	3
6858	2
6859	1
6860	6
6861	9
6862	8
6863	4
6864	3
6865	0
6866	4
6867	7
6868	4
6869	2
6870	5
6871	4
6872	5
6873	7
6874	4
6875	4
6876	6
6877	3
6878	6
6879	7
6880	5
6881	3
6882	7
6883	2
6884	3
6885	2
6886	1
6887	4
6888	4
6889	6
6890	4
6891	7
6892	3
6893	2
6894	6
6895	0
6896	3
6897	6
6898	4
6899	4
6900	2
6901	3
6902	6
6903	6
6904	5
6905	5
6906	4
6907	4
6908	8
6909	3
6910	3
6911	4
6912	3
6913	6
6914	2
6915	4
6916	5
6917	3
6918	3
6919	3
6920	7
6921	3
6922	4
6923	5
6924	5
6925	5
6926	8
6927	8
6928	6
6929	8
6930	6
6931	7
6932	6
6933	9
6934	5
6935	12
6936	7
6937	5
6938	11
6939	3
6940	6
6941	7
6942	3
6943	3
6944	6
6945	1
6946	5
6947	4
6948	6
6949	5
6950	9
6951	2
6952	7
6953	5
6954	1
6955	3
6956	3
6957	7
6958	5
6959	3
6960	8
6961	4
6962	4
6963	4
6964	1
6965	6
6966	3
6967	1
6968	4
6969	11
6970	8
6971	4
6972	4
6973	2
6974	7
6975	7
6976	7
6977	5
6978	4
6979	6
6980	4
6981	7
6982	6
6983	4
6984	6
6985	7
6986	6
6987	5
6988	4
6989	3
6990	5
6991	0
6992	7
6993	3
6994	6
6995	5
6996	4
6997	3
6998	8
6999	4
7000	7
7001	2
7002	6
7003	2
7004	5
7005	2
7006	4
7007	5
7008	3
7009	4
7010	5
7011	7
7012	3
7013	4
7014	3
7015	6
7016	7
7017	7
7018	4
7019	3
7020	3
7021	4
7022	3
7023	2
7024	3
7025	5
7026	2
7027	5
7028	3
7029	7
7030	6
7031	4
7032	7
7033	6
7034	4
7035	4
7036	0
7037	7
7038	4
7039	5
7040	8
7041	2
7042	6
7043	2
7044	5
7045	5
7046	4
7047	8
7048	2
7049	8
7050	4
7051	5
7052	8
7053	8
7054	1
7055	1
7056	6
7057	4
7058	8
7059	11
7060	5
7061	7
7062	5
7063	3
7064	5
7065	2
7066	6
7067	9
7068	5
7069	4
7070	6
7071	2
7072	4
7073	3
7074	5
7075	3
7076	6
7077	6
7078	1
7079	7
7080	6
7081	4
7082	2
7083	4
7084	5
7085	2
7086	7
7087	4
7088	4
7089	8
7090	6
7091	9
7092	5
7093	6
7094	2
7095	2
7096	7
7097	6
7098	5
7099	6
7100	4
7101	2
7102	3
7103	5
7104	4
7105	4
7106	5
7107	3
7108	4
7109	2
7110	2
7111	5
7112	2
7113	3
7114	3
7115	7
7116	3
7117	2
7118	5
7119	3
7120	5
7121	3
7122	4
7123	7
7124	2
7125	9
7126	5
7127	3
7128	6
7129	1
7130	4
7131	6
7132	5
7133	2
7134	0
7135	3
7136	1
7137	3
7138	1
7139	0
7140	5
7141	10
7142	7
7143	4
7144	4
7145	4
7146	4
7147	4
7148	3
7149	5
7150	0
7151	1
7152	3
7153	3
7154	1
7155	4
7156	4
7157	3
7158	5
7159	6
7160	4
7161	4
7162	6
7163	3
7164	5
7165	5
7166	3
7167	4
7168	6
7169	3
7170	1
7171	5
7172	2
7173	7
7174	3
7175	4
7176	5
7177	5
7178	4
7179	5
7180	1
7181	3
7182	2
7183	5
7184	4
7185	3
7186	3
7187	6
7188	6
7189	4
7190	7
7191	2
7192	4
7193	5
7194	3
7195	1
7196	3
7197	4
7198	3
7199	5
7200	2
7201	4
7202	6
7203	4
7204	4
7205	7
7206	4
7207	2
7208	3
7209	3
7210	3
7211	1
7212	3
7213	2
7214	10
7215	7
7216	3
7217	5
7218	4
7219	2
7220	4
7221	3
7222	4
7223	7
7224	9
7225	4
7226	4
7227	5
7228	1
7229	7
7230	7
7231	3
7232	0
7233	5
7234	5
7235	2
7236	6
7237	5
7238	4
7239	6
7240	2
7241	4
7242	4
7243	1
7244	3
7245	3
7246	0
7247	2
7248	2
7249	3
7250	6
7251	2
7252	2
7253	3
7254	8
7255	6
7256	1
7257	5
7258	10
7259	1
7260	7
7261	5
7262	4
7263	3
7264	2
7265	8
7266	7
7267	4
7268	5
7269	3
7270	4
7271	8
7272	5
7273	3
7274	5
7275	3
7276	4
7277	2
7278	2
7279	3
7280	5
7281	5
7282	4
7283	2
7284	5
7285	2
7286	4
7287	4
7288	5
7289	6
7290	5
7291	4
7292	5
7293	11
7294	1
7295	4
7296	0
7297	6
7298	7
7299	4
7300	7
7301	5
7302	9
7303	4
7304	4
7305	4
7306	4
7307	3
7308	5
7309	4
7310	2
7311	4
7312	5
7313	6
7314	7
7315	5
7316	2
7317	6
7318	0
7319	2
7320	3
7321	2
7322	6
7323	7
7324	3
7325	1
7326	1
7327	3
7328	5
7329	6
7330	6
7331	8
7332	11
7333	10
7334	11
7335	5
7336	7
7337	9
7338	4
7339	6
7340	6
7341	8
7342	8
7343	14
7344	20
7345	24
7346	37
7347	45
7348	44
7349	71
7350	66
7351	79
7352	99
7353	100
7354	115
7355	136
7356	130
7357	109
7358	77
7359	70
7360	62
7361	43
7362	26
7363	22
7364	13
7365	6
7366	4
7367	6
7368	4
7369	6
7370	1
7371	4
7372	3
7373	3
7374	2
7375	1
7376	3
7377	2
7378	3
7379	1
7380	3
7381	4
7382	5
7383	3
7384	6
7385	5
7386	4
7387	3
7388	0
7389	3
7390	2
7391	4
7392	2
7393	0
7394	2
7395	6
7396	2
7397	5
7398	1
7399	3
7400	5
7401	2
7402	4
7403	1
7404	0
7405	4
7406	4
7407	3
7408	2
7409	2
7410	4
7411	6
7412	3
7413	2
7414	5
7415	4
7416	4
7417	1
7418	2
7419	3
7420	1
7421	5
7422	3
7423	3
7424	6
7425	2
7426	2
7427	1
7428	1
7429	5
7430	2
7431	6
7432	3
7433	4
7434	5
7435	3
7436	4
7437	5
7438	1
7439	3
7440	2
7441	3
7442	4
7443	3
7444	3
7445	1
7446	3
7447	3
7448	5
7449	1
7450	2
7451	6
7452	4
7453	2
7454	5
7455	4
7456	0
7457	5
7458	4
7459	3
7460	3
7461	2
7462	5
7463	2
7464	1
7465	1
7466	4
7467	2
7468	3
7469	5
7470	7
7471	4
7472	3
7473	3
7474	1
7475	5
7476	3
7477	1
7478	3
7479	3
7480	7
7481	1
7482	1
7483	6
7484	3
7485	5
7486	3
7487	2
7488	4
7489	2
7490	5
7491	1
7492	4
7493	7
7494	3
7495	4
7496	2
7497	2
7498	2
7499	1
7500	5
7501	6
7502	2
7503	0
7504	2
7505	1
7506	3
7507	2
7508	2
7509	3
7510	4
7511	2
7512	4
7513	2
7514	5
7515	4
7516	2
7517	3
7518	3
7519	3
7520	2
7521	3
7522	5
7523	5
7524	4
7525	2
7526	4
7527	6
7528	2
7529	4
7530	7
7531	0
7532	4
7533	2
7534	1
7535	1
7536	3
7537	5
7538	3
7539	0
7540	2
7541	6
7542	5
7543	2
7544	6
7545	2
7546	6
7547	2
7548	3
7549	5
7550	6
7551	0
7552	5
7553	5
7554	4
7555	3
7556	1
7557	5
7558	4
7559	2
7560	3
7561	4
7562	3
7563	2
7564	2
7565	5
7566	2
7567	1
7568	4
7569	0
7570	5
7571	2
7572	2
7573	6
7574	1
7575	0
7576	2
7577	3
7578	2
7579	4
7580	3
7581	3
7582	2
7583	6
7584	2
7585	3
7586	2
7587	5
7588	4
7589	0
7590	3
7591	5
7592	2
7593	7
7594	2
7595	5
7596	5
7597	5
7598	8
7599	8
7600	2
7601	3
7602	4
7603	3
7604	4
7605	3
7606	3
7607	2
7608	3
7609	4
7610	7
7611	1
7612	6
7613	4
7614	4
7615	1
7616	1
7617	7
7618	2
7619	8
7620	4
7621	1
7622	1
7623	1
7624	5
7625	6
7626	2
7627	5
7628	3
7629	1
7630	4
7631	3
7632	4
7633	4
7634	5
7635	5
7636	1
7637	2
7638	0
7639	3
7640	1
7641	0
7642	2
7643	1
7644	4
7645	0
7646	5
7647	3
7648	3
7649	2
7650	2
7651	5
7652	1
7653	2
7654	2
7655	1
7656	3
7657	3
7658	4
7659	2
7660	3
7661	3
7662	3
7663	3
7664	7
7665	0
7666	5
7667	5
7668	2
7669	1
7670	4
7671	6
7672	2
7673	2
7674	1
7675	3
7676	1
7677	2
7678	3
7679	5
7680	2
7681	6
7682	3
7683	5
7684	2
7685	5
7686	3
7687	6
7688	2
7689	0
7690	1
7691	5
7692	2
7693	6
7694	4
7695	0
7696	2
7697	4
7698	3
7699	6
7700	5
7701	3
7702	5
7703	3
7704	3
7705	3
7706	4
7707	3
7708	4
7709	1
7710	0
7711	2
7712	1
7713	0
7714	1
7715	5
7716	3
7717	3
7718	3
7719	1
7720	0
7721	2
7722	2
7723	4
7724	6
7725	0
7726	4
7727	3
7728	4
7729	1
7730	3
7731	2
7732	1
7733	4
7734	1
7735	2
7736	4
7737	1
7738	2
7739	2
7740	2
7741	3
7742	2
7743	1
7744	1
7745	3
7746	5
7747	3
7748	2
7749	0
7750	3
7751	2
7752	7
7753	1
7754	0
7755	3
7756	6
7757	1
7758	5
7759	4
7760	2
7761	6
7762	1
7763	3
7764	3
7765	1
7766	1
7767	3
7768	3
7769	3
7770	2
7771	2
7772	6
7773	2
7774	3
7775	2
7776	3
7777	3
7778	3
7779	5
7780	1
7781	0
7782	3
7783	3
7784	2
7785	2
7786	2
7787	3
7788	4
7789	2
7790	4
7791	6
7792	0
7793	4
7794	5
7795	6
7796	5
7797	1
7798	2
7799	2
7800	2
7801	2
7802	2
7803	2
7804	2
7805	3
7806	2
7807	3
7808	3
7809	3
7810	6
7811	1
7812	4
7813	5
7814	3
7815	0
7816	3
7817	3
7818	3
7819	0
7820	6
7821	2
7822	4
7823	2
7824	7
7825	0
7826	3
7827	2
7828	4
7829	3
7830	2
7831	2
7832	4
7833	1
7834	2
7835	2
7836	3
7837	2
7838	5
7839	2
7840	3
7841	6
7842	2
7843	2
7844	1
7845	4
7846	0
7847	3
7848	6
7849	2
7850	1
7851	2
7852	3
7853	1
7854	1
7855	3
7856	5
7857	2
7858	4
7859	4
7860	4
7861	3
7862	2
7863	4
7864	2
7865	5
7866	3
7867	2
7868	2
7869	3
7870	4
7871	3
7872	2
7873	7
7874	2
7875	4
7876	2
7877	4
7878	4
7879	3
7880	1
7881	7
7882	3
7883	3
7884	2
7885	0
7886	1
7887	4
7888	0
7889	2
7890	1
7891	3
7892	4
7893	3
7894	4
7895	3
7896	1
7897	4
7898	3
7899	2
7900	2
7901	4
7902	1
7903	0
7904	8
7905	5
7906	1
7907	4
7908	3
7909	2
7910	3
7911	1
7912	2
7913	2
7914	3
7915	2
7916	5
7917	0
7918	5
7919	3
7920	1
7921	3
7922	2
7923	1
7924	4
7925	0
7926	1
7927	3
7928	0
7929	2
7930	1
7931	3
7932	5
7933	1
7934	5
7935	4
7936	3
7937	3
7938	7
7939	2
7940	3
7941	2
7942	1
7943	2
7944	2
7945	1
7946	2
7947	2
7948	3
7949	1
7950	7
7951	3
7952	1
7953	1
7954	3
7955	0
7956	3
7957	1
7958	0
7959	2
7960	3
7961	1
7962	1
7963	6
7964	2
7965	2
7966	3
7967	4
7968	2
7969	4
7970	4
7971	1
7972	6
7973	2
7974	4
7975	1
7976	5
7977	3
7978	3
7979	6
7980	4
7981	1
7982	2
7983	5
7984	2
7985	3
7986	3
7987	3
7988	3
7989	3
7990	3
7991	6
7992	5
7993	2
7994	3
7995	3
7996	10
7997	5
7998	0
7999	3
8000	4
8001	1
8002	4
8003	2
8004	5
8005	1
8006	2
8007	4
8008	3
8009	4
8010	5
8011	1
8012	6
8013	7
8014	5
8015	4
8016	4
8017	5
8018	5
8019	10
8020	9
8021	8
8022	6
8023	3
8024	8
8025	5
8026	3
8027	5
8028	1
8029	3
8030	3
8031	4
8032	4
8033	3
8034	0
8035	4
8036	6
8037	1
8038	4
8039	1
8040	4
8041	2
8042	3
8043	2
8044	2
8045	0
8046	2
8047	2
8048	1
8049	5
8050	4
8051	4
8052	2
8053	1
8054	3
8055	3
8056	4
8057	5
8058	5
8059	2
8060	1
8061	2
8062	4
8063	2
8064	2
8065	6
8066	1
8067	3
8068	2
8069	2
8070	3
8071	2
8072	1
8073	4
8074	4
8075	3
8076	4
8077	3
8078	3
8079	3
8080	5
8081	4
8082	3
8083	2
8084	2
8085	4
8086	3
8087	3
8088	4
8089	2
8090	1
8091	3
8092	0
8093	4
8094	1
8095	1
8096	1
8097	2
8098	2
8099	0
8100	3
8101	3
8102	1
8103	4
8104	3
8105	2
8106	1
8107	2
8108	1
8109	2
8110	0
8111	2
8112	3
8113	4
8114	0
8115	2
8116	1
8117	4
8118	0
8119	5
8120	1
8121	2
8122	3
8123	2
8124	1
8125	3
8126	0
8127	5
8128	2
8129	2
8130	3
8131	5
8132	0
8133	0
8134	2
8135	1
8136	3
8137	4
8138	1
8139	0
8140	2
8141	1
8142	2
8143	5
8144	5
8145	1
8146	4
8147	4
8148	4
8149	5
8150	3
8151	2
8152	1
8153	2
8154	5
8155	5
8156	2
8157	5
8158	3
8159	4
8160	1
8161	6
8162	5
8163	4
8164	4
8165	2
8166	2
8167	0
8168	0
8169	0
8170	0
8171	0
8172	0
8173	0
8174	0
8175	0
8176	0
8177	0
8178	0
8179	0
8180	0
8181	0
8182	0
8183	0
8184	0
8185	0
8186	0
8187	0
8188	0
8189	0
8190	0
8191	0
